00002824
00002825
00002826
00002827
00002828
00002829
00002830
00002831
00002832
00002833
00002834
00002835
00002836
00002837
00002838
00002839
00002840
00002841
00002842
00002843
00002844
00002845
00002846
00002847
00002848
00002849
00002850
00002851
00002852
00002853
00002854
00002855
00002856
00002857
00002858
00002859
00002860
00002861
00002862
00002863
00002864
00002865
00002866
00002867
00002868
00002869
00002870
00002871
00002872
00002873
00002874
00002875
00002876
00002877
00002878
00002879
00002880
00002881
00002882
00002883
00002884
00002885
00002886
00002887
00002888
00002889
00002890
00002891
00002892
00002893
00002894
00002895
00002896
00002897
00002898
00002899
00002900
00002901
00002902
00002903
00002904
00002905
00002906
00002907
00002908
00002909
00002910
00002911
00002912
00002913
00002914
00002915
00002916
00002917
00002918
00002919
00002920
00002921
00002922
00002923
00002924
00002925
00002926
00002927
00002928
00002929
00002930
00002931
00002932
00002933
00002934
00002935
00002936
00002937
00002938
00002939
00002940
00002941
00002942
00002943
00002944
00002945
