#file_name, index, ssim, lxy, cxy, sxy
00002833,0,1.0,1.0,1.0,1.0
00002833,1,1.0,1.0,1.0,1.0
00002833,2,1.0,1.0,1.0,1.0
00002833,3,1.0,1.0,1.0,1.0
00002833,4,1.0,1.0,1.0,1.0
00002833,5,1.0,1.0,1.0,1.0
00002896,0,0.9784266948699951,0.9989367723464966,0.9981802701950073,0.9813979864120483
00002896,1,0.9795727133750916,0.9992116093635559,0.9983280301094055,0.9820854663848877
00002896,2,0.9749191999435425,0.9989697933197021,0.9975462555885315,0.9784117937088013
00002896,3,0.9798852801322937,0.9994032979011536,0.9984694123268127,0.9820994138717651
00002896,4,0.9272677898406982,0.996536135673523,0.987527072429657,0.9364261031150818
00002896,5,0.9760025143623352,0.9992548227310181,0.9978287816047668,0.9789074659347534
00002906,0,0.9640913009643555,0.9985864162445068,0.9963623285293579,0.9687626957893372
00002906,1,0.9786077737808228,0.9990492463111877,0.9981963634490967,0.9814366102218628
00002906,2,0.9565912485122681,0.9983797669410706,0.9943122267723083,0.9623988270759583
00002906,3,0.9570403695106506,0.998475193977356,0.9944931864738464,0.9628586769104004
00002906,4,0.9768834114074707,0.999397337436676,0.9979673624038696,0.9795730710029602
00002906,5,0.9769362807273865,0.9992898106575012,0.9979742765426636,0.9796813130378723
00002921,0,0.9766427874565125,0.998831570148468,0.997909426689148,0.9799679517745972
00002921,1,0.9680147171020508,0.9989390969276428,0.9965168237686157,0.9722521305084229
00002921,2,0.9693855047225952,0.9986671209335327,0.9966259598731995,0.9738240242004395
00002921,3,0.9341349005699158,0.9971696734428406,0.9892091155052185,0.9426407814025879
00002921,4,0.9749069809913635,0.9992800951004028,0.9976226091384888,0.9780125617980957
00002921,5,0.977006196975708,0.9992585778236389,0.9979836344718933,0.9797636270523071
00002924,0,0.9780721664428711,0.9990706443786621,0.998108446598053,0.9809153079986572
00002924,1,0.9781437516212463,0.9991551041603088,0.9980981945991516,0.9809185266494751
00002924,2,0.9745303392410278,0.998712420463562,0.9975031018257141,0.9783098101615906
00002924,3,0.9444504380226135,0.9978696703910828,0.9917607307434082,0.9517566561698914
00002924,4,0.9324232339859009,0.9970847368240356,0.989063024520874,0.9407654404640198
00002924,5,0.9747366309165955,0.9991635680198669,0.9976476430892944,0.9778849482536316
00002840,0,0.9483816623687744,0.998378574848175,0.9943996667861938,0.9541352391242981
00002840,1,0.971825361251831,0.9991658329963684,0.9971224665641785,0.9754564762115479
00002840,2,0.9808173179626465,0.9994674324989319,0.9985992908477783,0.9828571677207947
00002840,3,0.9422363638877869,0.9977900981903076,0.9913410544395447,0.9497200846672058
00002840,4,0.9262780547142029,0.9965628981590271,0.9873663783073425,0.935367226600647
00002840,5,0.9749497771263123,0.9994634389877319,0.997709333896637,0.9777887463569641
00002918,0,0.978269100189209,0.9988775253295898,0.998160183429718,0.9812851548194885
00002918,1,0.9700180292129517,0.9989447593688965,0.996812105178833,0.9740251302719116
00002918,2,0.9697174429893494,0.9990469217300415,0.9966438412666321,0.9737323522567749
00002918,3,0.9658885598182678,0.9988653659820557,0.9960640668869019,0.9705010056495667
00002918,4,0.9798102974891663,0.9994558095932007,0.9984635710716248,0.9820258617401123
00002918,5,0.9732089638710022,0.9991239905357361,0.9974283576011658,0.9765800833702087
00002907,0,0.9774608016014099,0.9988242983818054,0.9980521202087402,0.9806675314903259
00002907,1,0.9719823002815247,0.999065101146698,0.9971694946289062,0.9756312966346741
00002907,2,0.9650515913963318,0.998927652835846,0.9958307147026062,0.9696541428565979
00002907,3,0.9738875031471252,0.9991574287414551,0.9974262714385986,0.9772523045539856
00002907,4,0.977125883102417,0.99940025806427,0.9979915618896484,0.9798009395599365
00002907,5,0.976390540599823,0.9991990923881531,0.9972147941589355,0.9799419045448303
00002878,0,0.9690620303153992,0.9987131953239441,0.9969255328178406,0.9732757210731506
00002878,1,0.9666370153427124,0.9989485740661621,0.9963283538818359,0.9709793329238892
00002878,2,0.957987368106842,0.9982543587684631,0.9946064949035645,0.9638460278511047
00002878,3,0.9612073302268982,0.9986016154289246,0.9952470064163208,0.9665533304214478
00002878,4,0.9791014790534973,0.9995306134223938,0.9983235597610474,0.9813247919082642
00002878,5,0.9780866503715515,0.999324381351471,0.9981508255004883,0.9806334972381592
00002938,0,0.9750341176986694,0.998730480670929,0.9976951479911804,0.9786020517349243
00002938,1,0.9791772961616516,0.9992085695266724,0.9982609152793884,0.9817465543746948
00002938,2,0.9798329472541809,0.9989281296730042,0.9984609484672546,0.9825702905654907
00002938,3,0.9472371935844421,0.9980561137199402,0.9924014806747437,0.9541728496551514
00002938,4,0.9472824335098267,0.9979966282844543,0.9925765991210938,0.9540936946868896
00002938,5,0.9735741019248962,0.9991355538368225,0.9974770545959473,0.9768953323364258
00002908,0,0.9776219129562378,0.9988796710968018,0.9980541467666626,0.9807614684104919
00002908,1,0.9758741855621338,0.9990778565406799,0.99774569272995,0.9790429472923279
00002908,2,0.9567577242851257,0.9984564781188965,0.9943366050720215,0.9625349640846252
00002908,3,0.9542779326438904,0.9983231425285339,0.9939807057380676,0.9604685306549072
00002908,4,0.9252718091011047,0.9963520169258118,0.9869728684425354,0.9346619844436646
00002908,5,0.9717523455619812,0.9990737438201904,0.9972237944602966,0.9753325581550598
00002928,0,0.9780259132385254,0.9989400506019592,0.9981105327606201,0.9810446500778198
00002928,1,0.9688165783882141,0.9988812208175659,0.9966177940368652,0.9730205535888672
00002928,2,0.9788079261779785,0.9989108443260193,0.998284101486206,0.9817248582839966
00002928,3,0.95688796043396,0.9985527396202087,0.9943366050720215,0.9626826643943787
00002928,4,0.9540451169013977,0.9983540773391724,0.9939061999320984,0.9601379632949829
00002928,5,0.9776443839073181,0.9992745518684387,0.9980872273445129,0.9802922606468201
00002915,0,0.9765903949737549,0.9988601207733154,0.9979051947593689,0.9798496961593628
00002915,1,0.9704738259315491,0.9989473819732666,0.9968730807304382,0.9744406342506409
00002915,2,0.9587031006813049,0.9983023405075073,0.9947561621665955,0.9644775390625
00002915,3,0.9389063119888306,0.9974754452705383,0.9907564520835876,0.9468450546264648
00002915,4,0.9789941310882568,0.9994404315948486,0.9983228445053101,0.9813286066055298
00002915,5,0.9781661629676819,0.9992932677268982,0.9981697797775269,0.9807217717170715
00002868,0,0.9689903855323792,0.9989209175109863,0.9969339966773987,0.9729359149932861
00002868,1,0.9739605188369751,0.9991661310195923,0.9974241852760315,0.977304220199585
00002868,2,0.9619306325912476,0.9983436465263367,0.9953576326370239,0.9673941135406494
00002868,3,0.9800892472267151,0.9993817210197449,0.998505711555481,0.9822955131530762
00002868,4,0.9802032709121704,0.9994904398918152,0.9985279440879822,0.9823244214057922
00002868,5,0.9784232974052429,0.9993473887443542,0.9982000589370728,0.9808984398841858
00002903,0,0.9715802073478699,0.9988062977790833,0.9972143769264221,0.9754891395568848
00002903,1,0.9785866141319275,0.99918532371521,0.9981415867805481,0.981299638748169
00002903,2,0.9800650477409363,0.9992210865020752,0.9984468221664429,0.982530415058136
00002903,3,0.9321888089179993,0.9969760179519653,0.9887111783027649,0.9410054683685303
00002903,4,0.966151237487793,0.9989712238311768,0.9960463047027588,0.9706335663795471
00002903,5,0.9741690754890442,0.9991984367370605,0.9975564479827881,0.9773690700531006
00002844,0,0.9672968983650208,0.9986627101898193,0.9967818260192871,0.971703290939331
00002844,1,0.977425217628479,0.9992385506629944,0.9980205297470093,0.9802605509757996
00002844,2,0.975789487361908,0.9990949630737305,0.9977092742919922,0.9790118932723999
00002844,3,0.9738121032714844,0.9992945790290833,0.9973940849304199,0.9770643711090088
00002844,4,0.9738720655441284,0.9993505477905273,0.9974247813224792,0.9770216345787048
00002844,5,0.9780221581459045,0.9995558857917786,0.9981738328933716,0.9803544282913208
00002912,0,0.9773330688476562,0.9986231327056885,0.9980373978614807,0.9807748794555664
00002912,1,0.978682816028595,0.9991733431816101,0.9981743097305298,0.9813721179962158
00002912,2,0.9756725430488586,0.9990753531455994,0.9976556301116943,0.9789798855781555
00002912,3,0.933891236782074,0.9971250891685486,0.9891161322593689,0.9424890875816345
00002912,4,0.9684845209121704,0.9990389943122864,0.9964841604232788,0.9726548790931702
00002912,5,0.9758066534996033,0.9992458820343018,0.9978031516075134,0.9787390828132629
00002850,0,0.964023232460022,0.9988206028938293,0.9963773488998413,0.9684332609176636
00002850,1,0.9798640012741089,0.9992930889129639,0.998416543006897,0.9822731614112854
00002850,2,0.9791785478591919,0.9993484020233154,0.9982881546020508,0.9816335439682007
00002850,3,0.9758997559547424,0.9993193745613098,0.997782826423645,0.9787997603416443
00002850,4,0.9714058041572571,0.9992411136627197,0.9970157146453857,0.9749727845191956
00002850,5,0.9795304536819458,0.9995880126953125,0.9983832836151123,0.9816261529922485
00002856,0,0.9697773456573486,0.9989374279975891,0.9970468282699585,0.9736705422401428
00002856,1,0.9764513373374939,0.9992188215255737,0.9978770613670349,0.9794173240661621
00002856,2,0.9688501358032227,0.9988818764686584,0.9965406060218811,0.973116397857666
00002856,3,0.9800554513931274,0.9994967579841614,0.9985105991363525,0.9821417331695557
00002856,4,0.9557358026504517,0.9985610246658325,0.9942657351493835,0.961408793926239
00002856,5,0.9794154763221741,0.9995626211166382,0.9983701705932617,0.9815516471862793
00002857,0,0.965824544429779,0.9988456964492798,0.9965603947639465,0.9701323509216309
00002857,1,0.978641152381897,0.9992237687110901,0.9982157349586487,0.9813007712364197
00002857,2,0.9544130563735962,0.9983626008033752,0.993869423866272,0.9604116082191467
00002857,3,0.9802699685096741,0.9995409846305847,0.9985147714614868,0.9823079109191895
00002857,4,0.9224327206611633,0.9961414337158203,0.9860199689865112,0.9321310520172119
00002857,5,0.9794211983680725,0.9995771646499634,0.9983757138252258,0.981534481048584
00002889,0,0.9751922488212585,0.9988489151000977,0.9977085590362549,0.9786727428436279
00002889,1,0.9794729948043823,0.9991717338562012,0.998317539691925,0.9820326566696167
00002889,2,0.9759343266487122,0.998945951461792,0.9977119565010071,0.979316234588623
00002889,3,0.9469978213310242,0.9979974627494812,0.9922857284545898,0.9540280103683472
00002889,4,0.9763764142990112,0.9994437098503113,0.9978404641151428,0.9791046380996704
00002889,5,0.9786362648010254,0.9993254542350769,0.9982458353042603,0.9810890555381775
00002926,0,0.97130286693573,0.9987707138061523,0.9971914291381836,0.9752705693244934
00002926,1,0.963618278503418,0.9986717700958252,0.9958457350730896,0.9684951305389404
00002926,2,0.9647748470306396,0.9984607100486755,0.9958493709564209,0.9698716402053833
00002926,3,0.9423273205757141,0.997707724571228,0.9912920594215393,0.9498918056488037
00002926,4,0.9763616919517517,0.9994267225265503,0.9978646636009216,0.9790924191474915
00002926,5,0.9777710437774658,0.9992678165435791,0.9981079697608948,0.9804110527038574
00002909,0,0.9786333441734314,0.9991032481193542,0.9982092976570129,0.9813566207885742
00002909,1,0.9661984443664551,0.9988904595375061,0.9962641000747681,0.9706438779830933
00002909,2,0.9617407321929932,0.9985558986663818,0.9953101277351379,0.9669742584228516
00002909,3,0.9651758074760437,0.9988234043121338,0.9959436058998108,0.9698958992958069
00002909,4,0.925437867641449,0.9964519143104553,0.9870546460151672,0.9346767663955688
00002909,5,0.9782430529594421,0.9992617964744568,0.9981878995895386,0.9808115363121033
00002883,0,0.9737879633903503,0.9988089203834534,0.9975295066833496,0.9774197340011597
00002883,1,0.9777060151100159,0.9991543292999268,0.9980152249336243,0.9805617928504944
00002883,2,0.9630960822105408,0.998747706413269,0.9955160021781921,0.9680262804031372
00002883,3,0.9801846146583557,0.9994320869445801,0.9984976649284363,0.9823510050773621
00002883,4,0.9416691064834595,0.9976747632026672,0.991402268409729,0.9490299820899963
00002883,5,0.9775910973548889,0.9993078112602234,0.998080313205719,0.9802159070968628
00002842,0,0.951041579246521,0.9984636902809143,0.994776725769043,0.956565260887146
00002842,1,0.9794374108314514,0.999460756778717,0.9983511567115784,0.981715202331543
00002842,2,0.9799813628196716,0.9994483590126038,0.9984387159347534,0.9821915626525879
00002842,3,0.9796865582466125,0.9995360970497131,0.9984403252601624,0.9817928671836853
00002842,4,0.9356120824813843,0.9973411560058594,0.9899619221687317,0.9435476064682007
00002842,5,0.976777970790863,0.9995223879814148,0.9979802966117859,0.979318380355835
00002880,0,0.9772730469703674,0.9988870024681091,0.9979969263076782,0.9804692268371582
00002880,1,0.9766809344291687,0.999126672744751,0.9978458881378174,0.9797167778015137
00002880,2,0.9730995893478394,0.9989418387413025,0.9972468018531799,0.9768062233924866
00002880,3,0.9690948724746704,0.9990710020065308,0.9964717626571655,0.9732416272163391
00002880,4,0.935580849647522,0.9972314834594727,0.9899479150772095,0.9436403512954712
00002880,5,0.9706662893295288,0.9991449117660522,0.997067928314209,0.9743070602416992
00002930,0,0.9716535806655884,0.9987885355949402,0.9972746968269348,0.9755384922027588
00002930,1,0.9792675375938416,0.9990787506103516,0.9982844591140747,0.9819729924201965
00002930,2,0.9726872444152832,0.9988479018211365,0.9971684217453003,0.9765804409980774
00002930,3,0.9542965888977051,0.9984354972839355,0.9938449859619141,0.9604130387306213
00002930,4,0.9287636280059814,0.9967649579048157,0.9880284070968628,0.9375779628753662
00002930,5,0.9772873520851135,0.9992603659629822,0.9980329275131226,0.9800000190734863
00002827,0,0.9789528846740723,0.9991344809532166,0.9982902407646179,0.9816563129425049
00002827,1,0.9698922634124756,0.9992483854293823,0.9968889951705933,0.9735804796218872
00002827,2,0.9789587259292603,0.9994047284126282,0.9982421398162842,0.9813924431800842
00002827,3,0.930637538433075,0.996980607509613,0.9883288145065308,0.9395186901092529
00002827,4,0.9299657940864563,0.9969092011451721,0.9884839057922363,0.9385416507720947
00002827,5,0.9737194776535034,0.9994450211524963,0.9975484609603882,0.9767086505889893
00002860,0,0.9700349569320679,0.9989209771156311,0.9970910549163818,0.9739100933074951
00002860,1,0.9707304835319519,0.9992835521697998,0.9969633221626282,0.9743268489837646
00002860,2,0.960120677947998,0.9987227320671082,0.9949953556060791,0.9653453230857849
00002860,3,0.9466580152511597,0.9980461001396179,0.9925047755241394,0.9535962343215942
00002860,4,0.9532329440116882,0.9984355568885803,0.9938410520553589,0.959186851978302
00002860,5,0.9745079278945923,0.9993515014648438,0.9976274967193604,0.9775124192237854
00002828,0,0.9787641763687134,0.9990221261978149,0.9982786178588867,0.9816166162490845
00002828,1,0.9723376631736755,0.9991733431816101,0.9972564578056335,0.9758686423301697
00002828,2,0.9768592119216919,0.999317467212677,0.9978665113449097,0.9797117710113525
00002828,3,0.9314900636672974,0.9970971345901489,0.9885690808296204,0.9401945471763611
00002828,4,0.9734692573547363,0.9993301033973694,0.9973578453063965,0.9766934514045715
00002828,5,0.9787600636482239,0.9995900392532349,0.9982874393463135,0.9809561371803284
00002937,0,0.9695082306861877,0.9986481666564941,0.996966540813446,0.9737301468849182
00002937,1,0.9795350432395935,0.9992275834083557,0.9983065128326416,0.9820427298545837
00002937,2,0.9589687585830688,0.9982593059539795,0.9948031306266785,0.9647484421730042
00002937,3,0.9314921498298645,0.9968047142028809,0.9887586236000061,0.94053053855896
00002937,4,0.9752681851387024,0.9993000626564026,0.9976655840873718,0.9783210158348083
00002937,5,0.9778789281845093,0.9992799162864685,0.9981235861778259,0.9804871678352356
00002884,0,0.9762731790542603,0.9988659024238586,0.9978598356246948,0.9796022176742554
00002884,1,0.970669150352478,0.998996913433075,0.9969280958175659,0.9745519161224365
00002884,2,0.9643658399581909,0.9983757734298706,0.9958022236824036,0.9695937633514404
00002884,3,0.9361929297447205,0.9973069429397583,0.9897414445877075,0.944496750831604
00002884,4,0.9760263562202454,0.9994188547134399,0.9977806210517883,0.978827178478241
00002884,5,0.9762482047080994,0.9991706013679504,0.9971745610237122,0.9798545241355896
00002871,0,0.9785337448120117,0.9989811182022095,0.9981740713119507,0.9814666509628296
00002871,1,0.9787654876708984,0.9991583228111267,0.9981967806816101,0.9814571142196655
00002871,2,0.9803939461708069,0.9993480443954468,0.9985094666481018,0.9826457500457764
00002871,3,0.9682642221450806,0.9990268349647522,0.9963153600692749,0.9725624918937683
00002871,4,0.9541250467300415,0.9983938932418823,0.9940313696861267,0.9600926637649536
00002871,5,0.9788360595703125,0.9993265867233276,0.9982663989067078,0.9812709093093872
00002830,0,0.970324695110321,0.9989458322525024,0.997142493724823,0.9741733074188232
00002830,1,0.9728537201881409,0.9991768598556519,0.9973118305206299,0.9763360023498535
00002830,2,0.9780264496803284,0.9993327856063843,0.99809330701828,0.9806674718856812
00002830,3,0.9800368547439575,0.9995639324188232,0.998490035533905,0.9820712208747864
00002830,4,0.9429215788841248,0.9978459477424622,0.9916916489601135,0.950030505657196
00002830,5,0.9777481555938721,0.9995092749595642,0.9981425404548645,0.9801599383354187
00002887,0,0.9741418361663818,0.9988732933998108,0.9975591897964478,0.9777101874351501
00002887,1,0.9791780710220337,0.9991083145141602,0.9982590079307556,0.9818812608718872
00002887,2,0.9751414656639099,0.9989709854125977,0.9975757598876953,0.9786094427108765
00002887,3,0.9356784820556641,0.9972910284996033,0.9896090030670166,0.9440067410469055
00002887,4,0.9710819125175476,0.9992335438728333,0.9969297051429749,0.974709153175354
00002887,5,0.9789783358573914,0.9993543028831482,0.9983020424842834,0.9813470840454102
00002901,0,0.978088915348053,0.9989718794822693,0.9981384873390198,0.9810587763786316
00002901,1,0.9789294600486755,0.9992156624794006,0.9982038736343384,0.9815537333488464
00002901,2,0.9715816974639893,0.9990548491477966,0.9969260096549988,0.9754400253295898
00002901,3,0.9458066821098328,0.9979667663574219,0.9920840859413147,0.9529424905776978
00002901,4,0.957273006439209,0.9986141920089722,0.9945212602615356,0.9628124833106995
00002901,5,0.9770999550819397,0.9992936253547668,0.9979993104934692,0.9798146486282349
00002890,0,0.9773653149604797,0.9988852143287659,0.9980049729347229,0.9805630445480347
00002890,1,0.9779874086380005,0.9991064071655273,0.998068630695343,0.9808423519134521
00002890,2,0.9755457043647766,0.9987494349479675,0.9976982474327087,0.9791277050971985
00002890,3,0.9330331683158875,0.9970632791519165,0.9888783693313599,0.9417193531990051
00002890,4,0.9803402423858643,0.9995076656341553,0.9985474944114685,0.9824051856994629
00002890,5,0.9770832657814026,0.999297559261322,0.9979988932609558,0.9797947406768799
00002866,0,0.9651299118995667,0.9986476302146912,0.9964697360992432,0.9697042107582092
00002866,1,0.9794268012046814,0.9992043972015381,0.998294472694397,0.9819793105125427
00002866,2,0.9492751955986023,0.9979122877120972,0.9927272796630859,0.9560572504997253
00002866,3,0.9782822728157043,0.9993512630462646,0.9982209205627441,0.980771005153656
00002866,4,0.9594002962112427,0.9984987378120422,0.9949854612350464,0.9648897647857666
00002866,5,0.9780992865562439,0.9993374943733215,0.9981462359428406,0.9806349277496338
00002867,0,0.9716575145721436,0.9986567497253418,0.997282087802887,0.9756759405136108
00002867,1,0.9743959307670593,0.9991179704666138,0.9975116848945618,0.9777199029922485
00002867,2,0.978784441947937,0.9990180730819702,0.9982327222824097,0.9816471934318542
00002867,3,0.9769096970558167,0.9993073344230652,0.9979480504989624,0.9796980023384094
00002867,4,0.9775993227958679,0.9993869662284851,0.9980628490447998,0.9802352786064148
00002867,5,0.9773263335227966,0.9993270635604858,0.9980282783508301,0.9799787402153015
00002899,0,0.977127730846405,0.9987860321998596,0.998001754283905,0.9804439544677734
00002899,1,0.9748693108558655,0.9989849925041199,0.9976100325584412,0.9782804250717163
00002899,2,0.9552677273750305,0.9981213808059692,0.9940587282180786,0.9614571928977966
00002899,3,0.9449093341827393,0.9978983402252197,0.9919092059135437,0.9521324038505554
00002899,4,0.9785199165344238,0.9994437098503113,0.9981836080551147,0.9809882640838623
00002899,5,0.9773118495941162,0.9992856383323669,0.9980344176292419,0.9800021648406982
00002882,0,0.9784778952598572,0.9989731311798096,0.9981809854507446,0.9814095497131348
00002882,1,0.9752494096755981,0.9991115927696228,0.9976245164871216,0.9784882068634033
00002882,2,0.9773558378219604,0.9990166425704956,0.9979606866836548,0.9804577827453613
00002882,3,0.9637461304664612,0.9988384246826172,0.9955457448959351,0.9686650037765503
00002882,4,0.943975567817688,0.9978282451629639,0.9919394254684448,0.951058030128479
00002882,5,0.9708848595619202,0.9991111755371094,0.9970963597297668,0.9745374321937561
00002852,0,0.9580667614936829,0.9986664652824402,0.995648205280304,0.9630265235900879
00002852,1,0.979564905166626,0.9993095397949219,0.9983533620834351,0.9820061326026917
00002852,2,0.9477330446243286,0.9979694485664368,0.9923206567764282,0.9545426368713379
00002852,3,0.9437606334686279,0.9978390336036682,0.991826057434082,0.9510825276374817
00002852,4,0.9196100831031799,0.995844841003418,0.9850804209709167,0.9297382235527039
00002852,5,0.9791501760482788,0.9995773434638977,0.9983341097831726,0.9813016057014465
00002873,0,0.975764274597168,0.9989210367202759,0.9977864623069763,0.9791045784950256
00002873,1,0.977734386920929,0.9990962743759155,0.9980118274688721,0.9806762337684631
00002873,2,0.9686002731323242,0.9985827803611755,0.9965072870254517,0.9731975197792053
00002873,3,0.9795700907707214,0.9993422627449036,0.9984117150306702,0.9819142818450928
00002873,4,0.9543032646179199,0.9984865188598633,0.9940364360809326,0.960142970085144
00002873,5,0.9771448969841003,0.9993200898170471,0.9980065226554871,0.9798272848129272
00002916,0,0.9780083298683167,0.9990731477737427,0.9981056451797485,0.9808560013771057
00002916,1,0.9685795903205872,0.998900830745697,0.9966244697570801,0.972780168056488
00002916,2,0.9797154068946838,0.9990339875221252,0.9984133243560791,0.9823951125144958
00002916,3,0.9337247014045715,0.9971198439598083,0.989052414894104,0.9423291087150574
00002916,4,0.9752273559570312,0.9993857145309448,0.997640073299408,0.9781778454780579
00002916,5,0.9755716919898987,0.999232828617096,0.9977800846099854,0.9785424470901489
00002900,0,0.9705586433410645,0.9987846612930298,0.9970937967300415,0.9745489954948425
00002900,1,0.9745804071426392,0.9990734457969666,0.997480571269989,0.977969229221344
00002900,2,0.9794865846633911,0.9987741708755493,0.9984221458435059,0.982417643070221
00002900,3,0.9491531252861023,0.9980993270874023,0.9929463863372803,0.9559326171875
00002900,4,0.9423155784606934,0.9977270364761353,0.9914422035217285,0.9496224522590637
00002900,5,0.9772552847862244,0.9992920160293579,0.9980291724205017,0.9799432158470154
00002829,0,0.9763316512107849,0.9987990260124207,0.997942328453064,0.9797131419181824
00002829,1,0.9798600077629089,0.9994584321975708,0.9984255433082581,0.9820769429206848
00002829,2,0.9748587012290955,0.9990084171295166,0.9975802302360535,0.9782759547233582
00002829,3,0.9422451853752136,0.9977970719337463,0.9914637207984924,0.9497143626213074
00002829,4,0.9784858226776123,0.9994321465492249,0.9982951283454895,0.9808089733123779
00002829,5,0.9762638807296753,0.9994768500328064,0.9979214668273926,0.9788997769355774
00002888,0,0.976317822933197,0.9988963603973389,0.9978538751602173,0.9796138405799866
00002888,1,0.9511082172393799,0.9984278082847595,0.9939636588096619,0.9569808840751648
00002888,2,0.9680351614952087,0.998923122882843,0.9963729381561279,0.9723456501960754
00002888,3,0.9346086978912354,0.9971797466278076,0.9893062710762024,0.9431068301200867
00002888,4,0.9753245115280151,0.9993922710418701,0.9976611733436584,0.9782484173774719
00002888,5,0.9778055548667908,0.9992422461509705,0.9978470802307129,0.9807182550430298
00002895,0,0.9693116545677185,0.9987298250198364,0.9969688653945923,0.9734782576560974
00002895,1,0.9797278642654419,0.9992554187774658,0.9983541369438171,0.9821728467941284
00002895,2,0.9797236919403076,0.9989246726036072,0.9984434843063354,0.9824833869934082
00002895,3,0.95278400182724,0.9983251094818115,0.9935453534126282,0.959111213684082
00002895,4,0.9301225543022156,0.9968276023864746,0.988386332988739,0.9388373494148254
00002895,5,0.9786478281021118,0.9993374943733215,0.9982413649559021,0.9810979962348938
00002836,0,0.9651851654052734,0.9986962080001831,0.9965133666992188,0.9696968793869019
00002836,1,0.9753585457801819,0.9993966221809387,0.9976879358291626,0.9782847762107849
00002836,2,0.9576093554496765,0.9985103607177734,0.9945096969604492,0.9632177352905273
00002836,3,0.9790461659431458,0.9994650483131409,0.998329222202301,0.9813297390937805
00002836,4,0.9753566980361938,0.9993706941604614,0.9976996779441833,0.9782705903053284
00002836,5,0.975021243095398,0.9994229078292847,0.9977232813835144,0.9778784513473511
00002825,0,0.9734022617340088,0.9989870190620422,0.9975330233573914,0.9769018292427063
00002825,1,0.9802386164665222,0.9995113015174866,0.9984903335571289,0.9823372960090637
00002825,2,0.9647549390792847,0.998996913433075,0.9958078861236572,0.9692773818969727
00002825,3,0.963931679725647,0.9988744854927063,0.9957183003425598,0.9687318205833435
00002825,4,0.9807061553001404,0.9995984435081482,0.9986348152160645,0.9825710654258728
00002825,5,0.9785237312316895,0.9995766282081604,0.9982506632804871,0.980767011642456
00002914,0,0.9782193303108215,0.9988565444946289,0.9981556534767151,0.981252133846283
00002914,1,0.9793300032615662,0.9990965723991394,0.9982830286026001,0.9819976687431335
00002914,2,0.9662508964538574,0.9985681176185608,0.9960914254188538,0.9711229801177979
00002914,3,0.9801158905029297,0.9994044899940491,0.9985033869743347,0.9823015928268433
00002914,4,0.9800359606742859,0.9994735717773438,0.9985081553459167,0.9821774959564209
00002914,5,0.9770293831825256,0.9992641806602478,0.9979862570762634,0.9797862768173218
00002832,0,0.9613161683082581,0.9987387657165527,0.996063768863678,0.9660157561302185
00002832,1,0.9685999155044556,0.9992085099220276,0.9966745376586914,0.9724727869033813
00002832,2,0.9803998470306396,0.999451756477356,0.9985186457633972,0.9825322031974792
00002832,3,0.941511869430542,0.9978277683258057,0.9911791682243347,0.9490196108818054
00002832,4,0.9531342387199402,0.9984302520751953,0.9938178062438965,0.9591123461723328
00002832,5,0.9738377332687378,0.9994394183158875,0.9975334405899048,0.9768452644348145
00002936,0,0.9726864695549011,0.9988740682601929,0.9973599314689636,0.9763821363449097
00002936,1,0.9651802182197571,0.9988248348236084,0.9961002469062805,0.9697641134262085
00002936,2,0.9796660542488098,0.9988805651664734,0.9984479546546936,0.9824671745300293
00002936,3,0.9368409514427185,0.9973412156105042,0.9899271726608276,0.9450916647911072
00002936,4,0.9662461280822754,0.9989139437675476,0.9961092472076416,0.9707655310630798
00002936,5,0.9760018587112427,0.9991991519927979,0.9978378415107727,0.9789484739303589
00002898,0,0.9784380197525024,0.9991011023521423,0.9981659054756165,0.9812049865722656
00002898,1,0.978476345539093,0.9991229772567749,0.9981403946876526,0.9812506437301636
00002898,2,0.9762487411499023,0.9992532730102539,0.9977286458015442,0.9792799949645996
00002898,3,0.9349273443222046,0.9972279667854309,0.989469587802887,0.9433577656745911
00002898,4,0.9782698750495911,0.9994534254074097,0.9981430768966675,0.9807555675506592
00002898,5,0.9773449897766113,0.999319314956665,0.998035192489624,0.9800042510032654
00002923,0,0.9781197905540466,0.9988868236541748,0.9981327056884766,0.9811828136444092
00002923,1,0.9790794253349304,0.9990789890289307,0.9982558488845825,0.9818103313446045
00002923,2,0.9633381962776184,0.9984070658683777,0.9956003427505493,0.9686151146888733
00002923,3,0.9327419400215149,0.9970529079437256,0.9888491630554199,0.9414399862289429
00002923,4,0.9769107699394226,0.999458372592926,0.9979275465011597,0.9795549511909485
00002923,5,0.9753212332725525,0.9990279078483582,0.9976226091384888,0.978724479675293
00002891,0,0.9728730320930481,0.9988393783569336,0.997411847114563,0.9765872359275818
00002891,1,0.9794225096702576,0.999125599861145,0.9983062148094177,0.9820656776428223
00002891,2,0.9642082452774048,0.9984599947929382,0.9957664608955383,0.9693414568901062
00002891,3,0.9801214933395386,0.999406099319458,0.998511791229248,0.9822959899902344
00002891,4,0.9387603402137756,0.9974617958068848,0.9907138347625732,0.9464777708053589
00002891,5,0.9780089855194092,0.9993186593055725,0.9981463551521301,0.9805623888969421
00002838,0,0.9738171696662903,0.9990079998970032,0.9975639581680298,0.9772879481315613
00002838,1,0.9758375883102417,0.9992265105247498,0.9977598190307617,0.9789103865623474
00002838,2,0.9640923142433167,0.9986560940742493,0.995725691318512,0.9690403342247009
00002838,3,0.9724159240722656,0.9992278218269348,0.9971626996994019,0.9759123921394348
00002838,4,0.980735182762146,0.9995913505554199,0.9986321330070496,0.9826098084449768
00002838,5,0.9726057648658752,0.999397873878479,0.9973803758621216,0.9757776856422424
00002881,0,0.9771556854248047,0.9988807439804077,0.9979926943778992,0.9803426265716553
00002881,1,0.9794851541519165,0.9991204142570496,0.9983157515525818,0.9821251034736633
00002881,2,0.9650715589523315,0.998486340045929,0.9959155321121216,0.9701006412506104
00002881,3,0.9765932559967041,0.9992319345474243,0.9979080557823181,0.9794843196868896
00002881,4,0.9638348817825317,0.9989228248596191,0.9957284927368164,0.9684979915618896
00002881,5,0.9741319417953491,0.9992315173149109,0.9975574016571045,0.9772946238517761
00002874,0,0.9676810503005981,0.9987735152244568,0.9967767000198364,0.9719301462173462
00002874,1,0.9776351451873779,0.9992354512214661,0.9980013370513916,0.9804229140281677
00002874,2,0.9796628355979919,0.9991008639335632,0.9984010457992554,0.9822946190834045
00002874,3,0.9427987933158875,0.9977440237998962,0.991408109664917,0.950334370136261
00002874,4,0.9791873097419739,0.9994620084762573,0.9983380436897278,0.9814910292625427
00002874,5,0.9791228771209717,0.9993698596954346,0.9983194470405579,0.9814655780792236
00002845,0,0.9749618768692017,0.9989061951637268,0.99773108959198,0.9783935546875
00002845,1,0.9796010255813599,0.9994764924049377,0.9983708262443542,0.9818349480628967
00002845,2,0.9748724699020386,0.9989153146743774,0.9975639581680298,0.9783984422683716
00002845,3,0.9299330711364746,0.996941328048706,0.9880853295326233,0.9388733506202698
00002845,4,0.9795798063278198,0.999560534954071,0.9984230399131775,0.9816820621490479
00002845,5,0.9795591235160828,0.9995818138122559,0.9983964562416077,0.98164963722229
00002925,0,0.9775409698486328,0.999080240726471,0.9980236291885376,0.9804574847221375
00002925,1,0.9793390035629272,0.9992058277130127,0.9982866644859314,0.9818893074989319
00002925,2,0.9779782891273499,0.9990232586860657,0.9980766773223877,0.980978786945343
00002925,3,0.9460792541503906,0.9979041814804077,0.992333710193634,0.9532334208488464
00002925,4,0.9588330388069153,0.9986922740936279,0.9947987794876099,0.9642002582550049
00002925,5,0.978775143623352,0.99933260679245,0.9982678294181824,0.9811975359916687
00002851,0,0.9778102040290833,0.9990152716636658,0.9981027841567993,0.9807692170143127
00002851,1,0.9711858034133911,0.9992808699607849,0.9970335364341736,0.9747301340103149
00002851,2,0.9658414721488953,0.9990296959877014,0.9959747195243835,0.970264732837677
00002851,3,0.9636734127998352,0.9988425970077515,0.9956729412078857,0.9685206413269043
00002851,4,0.9472464919090271,0.9981047511100769,0.9926674365997314,0.9538785219192505
00002851,5,0.9736328721046448,0.999352216720581,0.9974928498268127,0.9767494797706604
00002927,0,0.9772278666496277,0.9988391995429993,0.9980171918869019,0.9804397225379944
00002927,1,0.9786919355392456,0.9991893768310547,0.9981729984283447,0.9813655614852905
00002927,2,0.9797549843788147,0.9992746710777283,0.9984026551246643,0.9821813106536865
00002927,3,0.9391826391220093,0.9975406527519226,0.9905385375022888,0.9470745325088501
00002927,4,0.9389300346374512,0.9974072575569153,0.9907183647155762,0.9467135071754456
00002927,5,0.9746796488761902,0.9991939663887024,0.9976296424865723,0.9778132438659668
00002854,0,0.9543775320053101,0.9985129237174988,0.9951521158218384,0.9597326517105103
00002854,1,0.9795456528663635,0.999463677406311,0.9983459115028381,0.9818146228790283
00002854,2,0.9675126075744629,0.9988605380058289,0.9962959289550781,0.9719535112380981
00002854,3,0.9805231690406799,0.9994991421699524,0.9985794425010681,0.9825389981269836
00002854,4,0.9671570062637329,0.9990508556365967,0.9962957501411438,0.9713894724845886
00002854,5,0.9791563153266907,0.9995104670524597,0.9983272552490234,0.9813855886459351
00002902,0,0.9779821038246155,0.9988710880279541,0.998119592666626,0.9810277223587036
00002902,1,0.9780716896057129,0.999198853969574,0.9981118440628052,0.9807957410812378
00002902,2,0.9801940321922302,0.9993053674697876,0.998493492603302,0.9825002551078796
00002902,3,0.935913622379303,0.9973146915435791,0.9897114634513855,0.9441937804222107
00002902,4,0.959047794342041,0.9986975193023682,0.9948253631591797,0.964392900466919
00002902,5,0.9776601791381836,0.9993051290512085,0.9980931878089905,0.980276346206665
00002841,0,0.963962733745575,0.9985831379890442,0.9963894486427307,0.9686840772628784
00002841,1,0.9803032279014587,0.9995108246803284,0.998490035533905,0.982398509979248
00002841,2,0.9524437785148621,0.9981706738471985,0.9934461116790771,0.9587398171424866
00002841,3,0.9390381574630737,0.9976051449775696,0.9906864762306213,0.9468645453453064
00002841,4,0.9268133640289307,0.9965991973876953,0.9875156879425049,0.935853123664856
00002841,5,0.9792088270187378,0.99955815076828,0.9983481764793396,0.9813802242279053
00002876,0,0.9777612090110779,0.99896639585495,0.9980687499046326,0.9807978272438049
00002876,1,0.9755892753601074,0.9991086721420288,0.9976909756660461,0.9787744283676147
00002876,2,0.9634217023849487,0.9982279539108276,0.9956421256065369,0.9688552618026733
00002876,3,0.938105046749115,0.9974560737609863,0.9902240633964539,0.9461714625358582
00002876,4,0.9732845425605774,0.9992144107818604,0.9973217844963074,0.9767047762870789
00002876,5,0.9776234030723572,0.9993171095848083,0.9980806112289429,0.9802381992340088
00002944,0,0.9774523973464966,0.998900294303894,0.9980373382568359,0.9805854558944702
00002944,1,0.9778689742088318,0.9990819692611694,0.9980481863021851,0.980762779712677
00002944,2,0.9554002285003662,0.9983936548233032,0.994033932685852,0.961330771446228
00002944,3,0.948128342628479,0.9980118274688721,0.9927322268486023,0.9550702571868896
00002944,4,0.9684969186782837,0.9991124868392944,0.9965421557426453,0.9725140333175659
00002944,5,0.9771986603736877,0.9992251992225647,0.9980225563049316,0.9799548983573914
00002893,0,0.9782547950744629,0.99895840883255,0.9981571435928345,0.9812162518501282
00002893,1,0.9785385131835938,0.999061644077301,0.9981535077095032,0.9813962578773499
00002893,2,0.9708988070487976,0.9989032745361328,0.99684739112854,0.974971354007721
00002893,3,0.9348322153091431,0.9972125291824341,0.9894334077835083,0.9432764649391174
00002893,4,0.9550573229789734,0.9985149502754211,0.9941458702087402,0.9608400464057922
00002893,5,0.978885293006897,0.9993504285812378,0.9982748627662659,0.9812857508659363
00002849,0,0.9521343111991882,0.9983053803443909,0.994918704032898,0.9577844738960266
00002849,1,0.9710534811019897,0.9991471767425537,0.9970378875732422,0.9747563004493713
00002849,2,0.9663907885551453,0.9987474679946899,0.9961212277412415,0.9710487723350525
00002849,3,0.9695038795471191,0.9990735054016113,0.9966869950294495,0.9734857082366943
00002849,4,0.9632579684257507,0.9989113211631775,0.9956248998641968,0.9679833054542542
00002849,5,0.9784831404685974,0.9995453357696533,0.9982220530509949,0.9807741045951843
00002904,0,0.9736251831054688,0.9988105297088623,0.9974893927574158,0.9772936701774597
00002904,1,0.9672223329544067,0.9988629221916199,0.9963544607162476,0.9716120958328247
00002904,2,0.9610480666160583,0.9986413717269897,0.9951331615447998,0.9663100838661194
00002904,3,0.9325183629989624,0.9970435500144958,0.9888489842414856,0.9412440061569214
00002904,4,0.9421747326850891,0.9976763725280762,0.9914435148239136,0.949560284614563
00002904,5,0.9748128056526184,0.9992322325706482,0.9976434707641602,0.9779021739959717
00002837,0,0.9749955534934998,0.9988452792167664,0.9977311491966248,0.978489339351654
00002837,1,0.9790172576904297,0.9994947910308838,0.9982621669769287,0.981343686580658
00002837,2,0.9512783288955688,0.9981716275215149,0.9931738376617432,0.9576998353004456
00002837,3,0.9537060856819153,0.998431384563446,0.993825376033783,0.9598426818847656
00002837,4,0.9248023629188538,0.9964316487312317,0.9869810938835144,0.9340825080871582
00002837,5,0.976706326007843,0.9995150566101074,0.9979749321937561,0.979257345199585
00002839,0,0.970410943031311,0.9989234805107117,0.9971484541893005,0.9742608070373535
00002839,1,0.9747308492660522,0.9992357492446899,0.9975985288619995,0.977916419506073
00002839,2,0.9589453339576721,0.9987824559211731,0.9947457313537598,0.964169442653656
00002839,3,0.9509986042976379,0.9982835054397583,0.9933125376701355,0.9574814438819885
00002839,4,0.953373372554779,0.9984467625617981,0.9938679337501526,0.9593164324760437
00002839,5,0.9784339666366577,0.9995202422142029,0.9982258677482605,0.98076331615448
00002870,0,0.9750702381134033,0.9987492561340332,0.99770587682724,0.9786774516105652
00002870,1,0.9794778823852539,0.9991516470909119,0.9983219504356384,0.9820557236671448
00002870,2,0.9587277173995972,0.9984938502311707,0.994716227054596,0.964307427406311
00002870,3,0.9706939458847046,0.9987000823020935,0.9969712495803833,0.9745113849639893
00002870,4,0.966486930847168,0.9990518689155579,0.996182382106781,0.9707677960395813
00002870,5,0.978325605392456,0.9993228912353516,0.9981919527053833,0.9808316230773926
00002931,0,0.9745482206344604,0.9988194108009338,0.9976481795310974,0.978105902671814
00002931,1,0.9780858755111694,0.999052107334137,0.9981095790863037,0.9809534549713135
00002931,2,0.9649893641471863,0.9985149502754211,0.9958800077438354,0.9700201749801636
00002931,3,0.9328011870384216,0.9970413446426392,0.9888355731964111,0.9415159821510315
00002931,4,0.9721544981002808,0.9992190003395081,0.9970834851264954,0.9757242202758789
00002931,5,0.9760411977767944,0.9991806745529175,0.9978378415107727,0.9790143370628357
00002911,0,0.9749727845191956,0.9987692832946777,0.9976842403411865,0.9785167574882507
00002911,1,0.9764578938484192,0.9991399049758911,0.9978004693984985,0.9795167446136475
00002911,2,0.9525704979896545,0.9980394840240479,0.9935019612312317,0.9590061902999878
00002911,3,0.9704500436782837,0.9990682005882263,0.9968466758728027,0.9743373990058899
00002911,4,0.9787225723266602,0.9994323253631592,0.9982512593269348,0.9811540842056274
00002911,5,0.9773884415626526,0.999128520488739,0.9979571104049683,0.9803928732872009
00002879,0,0.9784050583839417,0.9989162683486938,0.9981771111488342,0.9814037680625916
00002879,1,0.9783486723899841,0.9990603923797607,0.9981247782707214,0.9812318086624146
00002879,2,0.9734484553337097,0.9989776611328125,0.9972816705703735,0.9771279692649841
00002879,3,0.9735694527626038,0.9991559386253357,0.99738609790802,0.9769650101661682
00002879,4,0.947402834892273,0.9980564117431641,0.9926413297653198,0.9540907144546509
00002879,5,0.9788007736206055,0.9993086457252502,0.9982675313949585,0.9812517166137695
00002875,0,0.9779592156410217,0.9989036321640015,0.9981127381324768,0.9809932112693787
00002875,1,0.9771961569786072,0.9992265105247498,0.9979255199432373,0.9800601005554199
00002875,2,0.9582645893096924,0.9982311129570007,0.9946824312210083,0.9641129374504089
00002875,3,0.9653356671333313,0.9988349080085754,0.995978593826294,0.9700166583061218
00002875,4,0.9800171256065369,0.9994834065437317,0.9984884858131409,0.9821675419807434
00002875,5,0.977899968624115,0.9993112683296204,0.9981253147125244,0.9804816246032715
00002894,0,0.9774768948554993,0.9989113211631775,0.9980212450027466,0.9806196093559265
00002894,1,0.9757158160209656,0.9990832209587097,0.9976829290390015,0.9789321422576904
00002894,2,0.9705446362495422,0.9989739656448364,0.9967836141586304,0.9745497703552246
00002894,3,0.9533252716064453,0.9982942938804626,0.9937967658042908,0.9596112370491028
00002894,4,0.9785677194595337,0.9994592070579529,0.9982043504714966,0.9809934496879578
00002894,5,0.978537917137146,0.9993311762809753,0.9982293248176575,0.9810003042221069
00002910,0,0.9771984219551086,0.9990463852882385,0.9979936480522156,0.980175256729126
00002910,1,0.9794585704803467,0.9991711974143982,0.9983015656471252,0.9820336103439331
00002910,2,0.9771548509597778,0.999112069606781,0.9979085922241211,0.9802189469337463
00002910,3,0.967803955078125,0.9989356994628906,0.9963904619216919,0.9721394181251526
00002910,4,0.979448139667511,0.9994715452194214,0.9983870983123779,0.9817104339599609
00002910,5,0.9742933511734009,0.9991055727005005,0.9974733591079712,0.9776502251625061
00002834,0,0.9526995420455933,0.9985097646713257,0.99498051404953,0.9581180810928345
00002834,1,0.9771135449409485,0.9994144439697266,0.9979605674743652,0.9797934293746948
00002834,2,0.9706360101699829,0.9988277554512024,0.9968456625938416,0.9747684597969055
00002834,3,0.972790539264679,0.9992420673370361,0.9972420334815979,0.9762017130851746
00002834,4,0.9453741908073425,0.9980021119117737,0.9922425150871277,0.9522204995155334
00002834,5,0.976126492023468,0.9994729161262512,0.997882068157196,0.9787959456443787
00002886,0,0.9757378101348877,0.9988401532173157,0.9977836012840271,0.9791527986526489
00002886,1,0.9723901152610779,0.9990208745002747,0.9971830248832703,0.9760630130767822
00002886,2,0.9796736240386963,0.9988456964492798,0.9984555840492249,0.9825046062469482
00002886,3,0.9579477310180664,0.9984836578369141,0.9945263862609863,0.9637486338615417
00002886,4,0.929492712020874,0.9967362880706787,0.9882533550262451,0.9383233785629272
00002886,5,0.9747870564460754,0.9992284774780273,0.9976476430892944,0.9778766632080078
00002913,0,0.9761400818824768,0.9989115595817566,0.9978379011154175,0.9794307947158813
00002913,1,0.978187620639801,0.999126672744751,0.9980891942977905,0.9810013771057129
00002913,2,0.963057279586792,0.9983818531036377,0.9955507516860962,0.9683992862701416
00002913,3,0.9774887561798096,0.9992787837982178,0.9980764389038086,0.9801822304725647
00002913,4,0.9439173340797424,0.9978911876678467,0.9918923377990723,0.9509398341178894
00002913,5,0.9775952100753784,0.9992690682411194,0.9980898499488831,0.9802480936050415
00002945,0,0.97183758020401,0.9987726807594299,0.9972604513168335,0.9757484197616577
00002945,1,0.9644348621368408,0.9987366795539856,0.995982825756073,0.969154417514801
00002945,2,0.965816855430603,0.9984531998634338,0.9960382580757141,0.9708184003829956
00002945,3,0.9802634716033936,0.9994036555290222,0.99851393699646,0.9824510812759399
00002945,4,0.9790670275688171,0.9993942379951477,0.9983183145523071,0.9814714193344116
00002945,5,0.9745798110961914,0.9991849064826965,0.9976215958595276,0.9777294397354126
00002932,0,0.9736270904541016,0.9989888668060303,0.997532844543457,0.9770551323890686
00002932,1,0.9791377782821655,0.9990613460540771,0.9982651472091675,0.981852650642395
00002932,2,0.9588697552680969,0.9983322024345398,0.9947742819786072,0.964577853679657
00002932,3,0.9530470967292786,0.9983496069908142,0.9936298131942749,0.9593520164489746
00002932,4,0.9541339874267578,0.9984691143035889,0.993937075138092,0.9600476622581482
00002932,5,0.9762448668479919,0.9992536306381226,0.9978698492050171,0.9791125655174255
00002831,0,0.9493811726570129,0.9983775615692139,0.9945582151412964,0.9550816416740417
00002831,1,0.9792659878730774,0.9994747638702393,0.9983240365982056,0.9815598726272583
00002831,2,0.9797755479812622,0.9993774890899658,0.998422384262085,0.9820697903633118
00002831,3,0.9536266326904297,0.9984152317047119,0.9938227534294128,0.9597816467285156
00002831,4,0.9767076373100281,0.9994478225708008,0.997908890247345,0.9793716073036194
00002831,5,0.9788084030151367,0.9995823502540588,0.9982954263687134,0.9810065627098083
00002872,0,0.968674898147583,0.9987285137176514,0.9968870878219604,0.9728711247444153
00002872,1,0.975810170173645,0.9991019368171692,0.9977090358734131,0.9789890646934509
00002872,2,0.9543432593345642,0.9982578158378601,0.9938472509384155,0.9604619145393372
00002872,3,0.9800734519958496,0.9994199275970459,0.9984739422798157,0.9822706580162048
00002872,4,0.9803388714790344,0.9995753169059753,0.9985569715499878,0.9823017120361328
00002872,5,0.9766725897789001,0.9992257356643677,0.9977926015853882,0.9796445369720459
00002929,0,0.9781783819198608,0.9989051818847656,0.9981306791305542,0.9812291860580444
00002929,1,0.9732840061187744,0.9990713000297546,0.9972865581512451,0.9768235087394714
00002929,2,0.951036274433136,0.9979408383369446,0.9931327104568481,0.9576823711395264
00002929,3,0.9788239598274231,0.9993377327919006,0.9982932806015015,0.98127281665802
00002929,4,0.9794149994850159,0.9994415640830994,0.9984003901481628,0.9816846251487732
00002929,5,0.9743497967720032,0.9991827011108398,0.9975953102111816,0.9775295257568359
00002855,0,0.9577455520629883,0.9985052943229675,0.9956036806106567,0.9629103541374207
00002855,1,0.9715093374252319,0.9991669058799744,0.9970986843109131,0.975154459476471
00002855,2,0.9654422998428345,0.9985084533691406,0.9959912300109863,0.9704068303108215
00002855,3,0.9272869825363159,0.9967133402824402,0.9872571229934692,0.9365931749343872
00002855,4,0.9375324249267578,0.9974744319915771,0.990423321723938,0.945237934589386
00002855,5,0.9791333079338074,0.9995710253715515,0.9983207583427429,0.9813037514686584
00002943,0,0.977526068687439,0.9988893270492554,0.9980276226997375,0.980676531791687
00002943,1,0.9725182056427002,0.9989050030708313,0.9971983432769775,0.9762913584709167
00002943,2,0.9677519202232361,0.9985271096229553,0.9963735342025757,0.9724796414375305
00002943,3,0.9441031813621521,0.9978637099266052,0.9916955828666687,0.9514182806015015
00002943,4,0.9778197407722473,0.9993903040885925,0.9980918765068054,0.9804221987724304
00002943,5,0.9750605821609497,0.9991817474365234,0.9976980686187744,0.9781465530395508
00002848,0,0.9731015563011169,0.9987098574638367,0.9974974393844604,0.9769262075424194
00002848,1,0.9784985184669495,0.9992827773094177,0.998174786567688,0.9811367392539978
00002848,2,0.9662903547286987,0.9987191557884216,0.9961128830909729,0.9709669351577759
00002848,3,0.9389823079109192,0.9974068403244019,0.9896961450576782,0.9471774101257324
00002848,4,0.9587111473083496,0.9987082481384277,0.994845449924469,0.9640202522277832
00002848,5,0.9791011214256287,0.9995008707046509,0.9983235001564026,0.9813486933708191
00002846,0,0.9575511813163757,0.9986212849617004,0.9956180453300476,0.9625672101974487
00002846,1,0.9747806787490845,0.9939072728157043,0.997815728187561,0.9829573631286621
00002846,2,0.9537455439567566,0.9982838034629822,0.9937215447425842,0.9598589539527893
00002846,3,0.9748238921165466,0.9993265867233276,0.9975887537002563,0.9778826832771301
00002846,4,0.9301691651344299,0.9969167709350586,0.9884617924690247,0.9387633204460144
00002846,5,0.9762477874755859,0.9994954466819763,0.9978759288787842,0.9789014458656311
00002877,0,0.9774635434150696,0.9987591505050659,0.9980407357215881,0.9807594418525696
00002877,1,0.9745364785194397,0.9990808367729187,0.9975029230117798,0.9779040217399597
00002877,2,0.9511728286743164,0.9979420304298401,0.9931858777999878,0.9577927589416504
00002877,3,0.9499512910842896,0.9981109499931335,0.9931471943855286,0.9566426873207092
00002877,4,0.979688823223114,0.999497652053833,0.9984403252601624,0.9818618893623352
00002877,5,0.9791607856750488,0.9993737936019897,0.9983231425285339,0.9814926981925964
00002920,0,0.9785780310630798,0.9990523457527161,0.9981934428215027,0.9813694357872009
00002920,1,0.9752246737480164,0.9990187883377075,0.9976081848144531,0.9785631895065308
00002920,2,0.9766222238540649,0.9989786148071289,0.9978391528129578,0.9798720479011536
00002920,3,0.9365073442459106,0.9973344206809998,0.9898314476013184,0.9447484612464905
00002920,4,0.9407077431678772,0.9975563883781433,0.9911433458328247,0.9482687711715698
00002920,5,0.9774008393287659,0.9992769956588745,0.9980429410934448,0.9800877571105957
00002835,0,0.9716955423355103,0.9989001750946045,0.9972959756851196,0.9754617214202881
00002835,1,0.9756986498832703,0.9994126558303833,0.9977483749389648,0.9785566329956055
00002835,2,0.9669235348701477,0.9990510940551758,0.9961814284324646,0.9712005257606506
00002835,3,0.9752633571624756,0.999331533908844,0.9976743459701538,0.9782352447509766
00002835,4,0.9407196640968323,0.997710108757019,0.9911996722221375,0.9480621218681335
00002835,5,0.9791095852851868,0.9995111227035522,0.9983386397361755,0.9813376665115356
00002919,0,0.9782475829124451,0.9989575743675232,0.9981464147567749,0.9811965227127075
00002919,1,0.9785310626029968,0.9990628361701965,0.9981499910354614,0.981383740901947
00002919,2,0.9736957550048828,0.999080240726471,0.9973214268684387,0.9772186875343323
00002919,3,0.9515517950057983,0.9981929659843445,0.9934690594673157,0.9580854177474976
00002919,4,0.9618111252784729,0.9988403916358948,0.9953368306159973,0.9667758941650391
00002919,5,0.9763696789741516,0.9992146492004395,0.9978975057601929,0.9792525768280029
00002922,0,0.9778363108634949,0.9989894032478333,0.9980694651603699,0.9808083772659302
00002922,1,0.9560259580612183,0.9919499754905701,0.9951295852661133,0.9679831862449646
00002922,2,0.9756723046302795,0.9988462924957275,0.9976803660392761,0.9791843891143799
00002922,3,0.972186803817749,0.9990653991699219,0.9971115589141846,0.9758961200714111
00002922,4,0.9517475366592407,0.9982551336288452,0.9934990406036377,0.9580336213111877
00002922,5,0.9782294631004333,0.999279260635376,0.9981858730316162,0.9807795286178589
00002942,0,0.977144181728363,0.9989001750946045,0.9979956150054932,0.9803166389465332
00002942,1,0.9786801934242249,0.9990536570549011,0.9981661438941956,0.9815234541893005
00002942,2,0.9763254523277283,0.999060332775116,0.9977684020996094,0.9795461297035217
00002942,3,0.977461040019989,0.9993056654930115,0.9980378746986389,0.9801642894744873
00002942,4,0.9579017162322998,0.9985508918762207,0.9946569204330444,0.9634909629821777
00002942,5,0.9782678484916687,0.9992754459381104,0.9981850981712341,0.9808223843574524
00002865,0,0.9684327244758606,0.9987806081771851,0.996863067150116,0.972616970539093
00002865,1,0.977899968624115,0.9991069436073303,0.9980348348617554,0.9808144569396973
00002865,2,0.9649738073348999,0.9985418915748596,0.9958691000938416,0.9699742794036865
00002865,3,0.9799197912216187,0.9994030594825745,0.9984837770462036,0.9821262955665588
00002865,4,0.9280973672866821,0.9967198371887207,0.9878981709480286,0.9369200468063354
00002865,5,0.9727323055267334,0.9992022514343262,0.9973570108413696,0.9760912656784058
00002843,0,0.9492655992507935,0.9983330965042114,0.9945472478866577,0.9550123810768127
00002843,1,0.9802275896072388,0.999491810798645,0.9984800219535828,0.9823518395423889
00002843,2,0.9736663103103638,0.9992732405662537,0.9973178505897522,0.9769817590713501
00002843,3,0.9685434103012085,0.9986874461174011,0.9964410662651062,0.9727463126182556
00002843,4,0.9777809381484985,0.9994863271713257,0.998112142086029,0.9802344441413879
00002843,5,0.9738160967826843,0.999326765537262,0.9975540041923523,0.9769139289855957
00002939,0,0.9758062958717346,0.9988207221031189,0.9978060126304626,0.979227602481842
00002939,1,0.978473424911499,0.9991782903671265,0.9981290102005005,0.9811999797821045
00002939,2,0.9789418578147888,0.9990947246551514,0.998242199420929,0.9817299842834473
00002939,3,0.9469485282897949,0.9980207681655884,0.9923240542411804,0.9539344310760498
00002939,4,0.9804326891899109,0.9995071887969971,0.998573899269104,0.9824729561805725
00002939,5,0.9760721921920776,0.9992173910140991,0.9978507161140442,0.978988528251648
00002847,0,0.9709076881408691,0.998878538608551,0.9972138404846191,0.9747744798660278
00002847,1,0.9801170229911804,0.999492347240448,0.9984458088874817,0.9822625517845154
00002847,2,0.9668440818786621,0.9990907907485962,0.9961690902709961,0.9710765480995178
00002847,3,0.9789842367172241,0.9994919300079346,0.998320996761322,0.9812426567077637
00002847,4,0.9291338324546814,0.9967138171195984,0.98811936378479,0.9379624128341675
00002847,5,0.9791925549507141,0.99952632188797,0.9983281493186951,0.9814116358757019
00002941,0,0.9772536754608154,0.9989024996757507,0.9980207681655884,0.9803655743598938
00002941,1,0.973323404788971,0.999066174030304,0.9973019957542419,0.9768567681312561
00002941,2,0.9799827933311462,0.9991601705551147,0.9984515905380249,0.9825111627578735
00002941,3,0.9460041522979736,0.9979950189590454,0.9921330809593201,0.9530850052833557
00002941,4,0.9775245785713196,0.999355673789978,0.998053252696991,0.9802128076553345
00002941,5,0.976496160030365,0.9992420673370361,0.997911274433136,0.9793403148651123
00002935,0,0.9651891589164734,0.9987799525260925,0.9964326024055481,0.9695883393287659
00002935,1,0.9659071564674377,0.9987629652023315,0.9962286353111267,0.9705387353897095
00002935,2,0.9523122310638428,0.9979438781738281,0.9934423565864563,0.9588632583618164
00002935,3,0.9451929926872253,0.997783362865448,0.9921420216560364,0.9525299668312073
00002935,4,0.9301434755325317,0.9968050122261047,0.9883971214294434,0.93888920545578
00002935,5,0.9775234460830688,0.999232828617096,0.9980687499046326,0.9802281260490417
00002864,0,0.9781166911125183,0.9990308880805969,0.9981184601783752,0.9810253977775574
00002864,1,0.9785403609275818,0.9990926384925842,0.9981492161750793,0.981343150138855
00002864,2,0.9489723443984985,0.9979863166809082,0.9926357269287109,0.9556872248649597
00002864,3,0.9696812033653259,0.9990144371986389,0.9967154860496521,0.9737215042114258
00002864,4,0.9288012981414795,0.996776282787323,0.9881266951560974,0.9375724792480469
00002864,5,0.9744293093681335,0.9992093443870544,0.9975792765617371,0.9776144027709961
00002885,0,0.9709692597389221,0.998965859413147,0.9971621632575989,0.9747058153152466
00002885,1,0.9787359833717346,0.9991769194602966,0.9981957077980042,0.9814034104347229
00002885,2,0.9798519015312195,0.9988852143287659,0.9984704256057739,0.982624888420105
00002885,3,0.9367205500602722,0.9973537921905518,0.9899002313613892,0.9449599981307983
00002885,4,0.9803067445755005,0.9995735287666321,0.9985538125038147,0.98227459192276
00002885,5,0.9735661149024963,0.9991515874862671,0.9974808692932129,0.9768624305725098
00002917,0,0.9775461554527283,0.9988976716995239,0.9980353116989136,0.9806888103485107
00002917,1,0.9792728424072266,0.9990786910057068,0.9982759356498718,0.9819629192352295
00002917,2,0.9783293008804321,0.9988610148429871,0.9981745481491089,0.9814020991325378
00002917,3,0.9416202902793884,0.9976579546928406,0.9910775423049927,0.9493040442466736
00002917,4,0.9381799101829529,0.9974431395530701,0.9905945658683777,0.9459370374679565
00002917,5,0.9778186082839966,0.999302089214325,0.9981184005737305,0.9804118871688843
00002869,0,0.960635781288147,0.9985650181770325,0.9959112405776978,0.9655690789222717
00002869,1,0.9666657447814941,0.9989405870437622,0.9963193535804749,0.9710184931755066
00002869,2,0.9486336708068848,0.9978417754173279,0.9925582408905029,0.9555178880691528
00002869,3,0.974968433380127,0.9991902709007263,0.9976134896278381,0.9781504273414612
00002869,4,0.9617207646369934,0.9988464713096619,0.9953786134719849,0.9666318297386169
00002869,5,0.9789289236068726,0.9993752837181091,0.9982894062995911,0.9812918305397034
00002859,0,0.9678105711936951,0.9988842010498047,0.996830940246582,0.9718948006629944
00002859,1,0.9798436760902405,0.9994815587997437,0.9984036684036255,0.9820423722267151
00002859,2,0.9607018828392029,0.9983804225921631,0.9951503276824951,0.9661986231803894
00002859,3,0.9797148704528809,0.9994298815727234,0.9984630942344666,0.9819074869155884
00002859,4,0.9799699783325195,0.9995419383049011,0.9985038638114929,0.9820142984390259
00002859,5,0.9787457585334778,0.9995302557945251,0.9982690811157227,0.9810072183609009
00002863,0,0.9741569757461548,0.99891197681427,0.9975650906562805,0.977671205997467
00002863,1,0.9747130870819092,0.9991734623908997,0.9975323677062988,0.9779650568962097
00002863,2,0.9798294305801392,0.9989267587661743,0.9984583854675293,0.9825705885887146
00002863,3,0.9407021403312683,0.9976451396942139,0.9908999800682068,0.9484625458717346
00002863,4,0.9683526158332825,0.9991119503974915,0.9965090155601501,0.9723796248435974
00002863,5,0.9789461493492126,0.9993467330932617,0.9982759952545166,0.9813611507415771
00002826,0,0.9700785875320435,0.9989336133003235,0.9971192479133606,0.9739527106285095
00002826,1,0.9675614237785339,0.9991685152053833,0.9965240359306335,0.9715491533279419
00002826,2,0.9800291061401367,0.9993886351585388,0.9984560608863831,0.9822859764099121
00002826,3,0.9540843963623047,0.9985131621360779,0.993879497051239,0.9601114988327026
00002826,4,0.9715589284896851,0.9992284774780273,0.9970547556877136,0.9751028418540955
00002826,5,0.9731757044792175,0.9994325041770935,0.9974687695503235,0.9762421250343323
00002892,0,0.976995587348938,0.9990729689598083,0.9979576468467712,0.9799811840057373
00002892,1,0.9669104218482971,0.9988046288490295,0.9963928461074829,0.9713512659072876
00002892,2,0.9621397852897644,0.9983159899711609,0.9954206943511963,0.9675819873809814
00002892,3,0.940587043762207,0.9976369738578796,0.990872323513031,0.9483405947685242
00002892,4,0.9779459238052368,0.9994064569473267,0.9981100559234619,0.9805188775062561
00002892,5,0.9776333570480347,0.9992867708206177,0.9980781674385071,0.9802806973457336
00002824,0,0.9785632491111755,0.9990512728691101,0.9982385635375977,0.9813591241836548
00002824,1,0.9721565842628479,0.9993278384208679,0.997207522392273,0.9755343794822693
00002824,2,0.9658452272415161,0.9989855289459229,0.9960120916366577,0.9702792763710022
00002824,3,0.9423873424530029,0.9978060126304626,0.9915094375610352,0.9498201012611389
00002824,4,0.9328747391700745,0.9971411824226379,0.9892522096633911,0.9411237835884094
00002824,5,0.979519248008728,0.9995882511138916,0.9984052181243896,0.9816040992736816
00002861,0,0.9692445397377014,0.9988541603088379,0.996990978717804,0.9732630848884583
00002861,1,0.9759584665298462,0.9993836879730225,0.9977607131004333,0.9788315892219543
00002861,2,0.9644023776054382,0.9985324144363403,0.9957855939865112,0.9694364666938782
00002861,3,0.9570149779319763,0.9984555244445801,0.9944683909416199,0.9628731608390808
00002861,4,0.9481849670410156,0.9981585144996643,0.9928199052810669,0.9547075033187866
00002861,5,0.9770501852035522,0.9992907643318176,0.9979868531227112,0.979794442653656
00002862,0,0.9618822932243347,0.9986422061920166,0.9960723519325256,0.9666581153869629
00002862,1,0.9685989022254944,0.9990096688270569,0.9966061115264893,0.9727054238319397
00002862,2,0.9636086225509644,0.9986945986747742,0.9956076741218567,0.9685817360877991
00002862,3,0.9798713326454163,0.9993784427642822,0.9984676241874695,0.98212069272995
00002862,4,0.9616133570671082,0.9988328814506531,0.9953486919403076,0.9665606021881104
00002862,5,0.9789476990699768,0.9992812275886536,0.9982624650001526,0.9814509153366089
00002853,0,0.9683210849761963,0.9988911747932434,0.9968809485435486,0.972359836101532
00002853,1,0.9758374691009521,0.9992247819900513,0.9977387189865112,0.9789133667945862
00002853,2,0.9681049585342407,0.9990589618682861,0.9963781833648682,0.9722586870193481
00002853,3,0.9735800623893738,0.9992891550064087,0.9973597526550293,0.9768581986427307
00002853,4,0.9405775666236877,0.9976832270622253,0.9911653399467468,0.9479596018791199
00002853,5,0.9725770950317383,0.9993522763252258,0.9973491430282593,0.975820004940033
00002934,0,0.9761051535606384,0.9988867044448853,0.997855007648468,0.9794105887413025
00002934,1,0.9780974984169006,0.9991371035575867,0.9980897903442383,0.980901837348938
00002934,2,0.9621982574462891,0.9985160231590271,0.9953632950782776,0.9674884676933289
00002934,3,0.9801325798034668,0.9993377327919006,0.9984991550445557,0.9824025630950928
00002934,4,0.9247504472732544,0.996265709400177,0.9867559671401978,0.9342723488807678
00002934,5,0.9769015312194824,0.9992619156837463,0.9979670643806458,0.9796711802482605
00002933,0,0.9756606817245483,0.9988631010055542,0.9977582097053528,0.9790803790092468
00002933,1,0.9517529010772705,0.9982527494430542,0.9940392374992371,0.957882285118103
00002933,2,0.9697021245956421,0.998929500579834,0.9966545701026917,0.9738425612449646
00002933,3,0.9801947474479675,0.9994098544120789,0.9985195398330688,0.9823641777038574
00002933,4,0.9694700241088867,0.999169647693634,0.9966148734092712,0.9733922481536865
00002933,5,0.975428581237793,0.9992029070854187,0.997749388217926,0.9784479141235352
00002897,0,0.9783827066421509,0.9990115761756897,0.9981573820114136,0.9812909960746765
00002897,1,0.9782863259315491,0.9991989731788635,0.9980918765068054,0.9810317754745483
00002897,2,0.9801669120788574,0.9992616772651672,0.9984710216522217,0.9825654029846191
00002897,3,0.9383496046066284,0.997486412525177,0.9903293251991272,0.9463559985160828
00002897,4,0.9744536876678467,0.9992903470993042,0.9974595308303833,0.9776803851127625
00002897,5,0.978556215763092,0.999360203742981,0.9982237815856934,0.9809984564781189
00002905,0,0.977846622467041,0.9989041686058044,0.9980953335762024,0.9808945655822754
00002905,1,0.977836012840271,0.9991280436515808,0.9980217814445496,0.9807136058807373
00002905,2,0.9654621481895447,0.9989297389984131,0.9959077835083008,0.970020592212677
00002905,3,0.9456976056098938,0.9979419112205505,0.9920797348022461,0.9528388977050781
00002905,4,0.9219990968704224,0.9960103034973145,0.9857887029647827,0.9319005608558655
00002905,5,0.9728823304176331,0.9991170763969421,0.997371256351471,0.9762991666793823
00002858,0,0.9633186459541321,0.9986751079559326,0.9962741732597351,0.9679664373397827
00002858,1,0.9795434474945068,0.9994867444038391,0.9983435869216919,0.981791615486145
00002858,2,0.9578720331192017,0.9987430572509766,0.9945300221443176,0.9632200598716736
00002858,3,0.9706146121025085,0.9991487264633179,0.9968689680099487,0.9744027256965637
00002858,4,0.9593154191970825,0.9987361431121826,0.9949322938919067,0.9645490646362305
00002858,5,0.9760287404060364,0.9993830919265747,0.9978496432304382,0.9788170456886292
00002940,0,0.9764585494995117,0.9988686442375183,0.9978955388069153,0.9797542095184326
00002940,1,0.979430079460144,0.9991676807403564,0.998314619064331,0.9819916486740112
00002940,2,0.9563490748405457,0.9982162117958069,0.994265079498291,0.9623666405677795
00002940,3,0.932578980922699,0.9970384836196899,0.9887922406196594,0.9412917494773865
00002940,4,0.9379134178161621,0.9973907470703125,0.9905095100402832,0.9457294940948486
00002940,5,0.9753594994544983,0.9991395473480225,0.9976816773414612,0.9785000085830688
