#file_name, index, ssim, lxy, cxy, sxy
00000176,0,1.0,1.0,1.0,1.0
00000176,1,1.0,1.0,1.0,1.0
00000176,2,1.0,1.0,1.0,1.0
00000176,3,1.0,1.0,1.0,1.0
00000176,4,1.0,1.0,1.0,1.0
00000176,5,1.0,1.0,1.0,1.0
00000183,0,0.9774651527404785,0.9995384812355042,0.9983664751052856,0.9796720743179321
00000183,1,0.9759207963943481,0.9994868636131287,0.9981679916381836,0.9783674478530884
00000183,2,0.9770159125328064,0.998980700969696,0.9980824589729309,0.9797170162200928
00000183,3,0.970470130443573,0.9978223443031311,0.9964961409568787,0.9745694398880005
00000183,4,0.975275993347168,0.9989730715751648,0.9976915121078491,0.9784103631973267
00000183,5,0.9762857556343079,0.999521791934967,0.9980764389038086,0.9787916541099548
00000133,0,0.9770135283470154,0.999466061592102,0.9982446432113647,0.9794014096260071
00000133,1,0.9760498404502869,0.9995149374008179,0.9981728196144104,0.9784574508666992
00000133,2,0.9774917364120483,0.9991008639335632,0.9982395172119141,0.9801607131958008
00000133,3,0.9741438627243042,0.9991861581802368,0.9975709319114685,0.9773521423339844
00000133,4,0.9740104079246521,0.9990978837013245,0.997412919998169,0.9774763584136963
00000133,5,0.9721838235855103,0.9992908835411072,0.9970277547836304,0.9758415818214417
00000255,0,0.9736646413803101,0.9984186887741089,0.996637225151062,0.9773032069206238
00000255,1,0.9729819893836975,0.9983675479888916,0.9966495633125305,0.9768196940422058
00000255,2,0.9736125469207764,0.9981202483177185,0.9965890049934387,0.9775539040565491
00000255,3,0.972018837928772,0.9979338645935059,0.996863842010498,0.976064920425415
00000255,4,0.9643284678459167,0.99774169921875,0.9948093295097351,0.9701623916625977
00000255,5,0.9749356508255005,0.9988573789596558,0.9976492524147034,0.9781402349472046
00000155,0,0.9763742089271545,0.9994519948959351,0.9980974793434143,0.9789136648178101
00000155,1,0.9748628735542297,0.9994304776191711,0.9979053139686584,0.9776067733764648
00000155,2,0.9781235456466675,0.9993465542793274,0.9984049201011658,0.9804537296295166
00000155,3,0.9760023951530457,0.9994306564331055,0.9980429410934448,0.978611946105957
00000155,4,0.9774943590164185,0.9992137551307678,0.9983154535293579,0.9800883531570435
00000155,5,0.9747649431228638,0.9994391202926636,0.9976762533187866,0.9777123928070068
00000161,0,0.9772428870201111,0.9994823336601257,0.998305082321167,0.9795573949813843
00000161,1,0.9762718677520752,0.999505877494812,0.9982383847236633,0.9786246418952942
00000161,2,0.9775534868240356,0.9993059635162354,0.9982767701148987,0.9800580143928528
00000161,3,0.9732202291488647,0.9993033409118652,0.99737548828125,0.9765788912773132
00000161,4,0.9710503816604614,0.9991393685340881,0.9968026280403137,0.975081205368042
00000161,5,0.9653706550598145,0.9987517595291138,0.9955770969390869,0.970696210861206
00000157,0,0.9769080281257629,0.9994692802429199,0.9982255697250366,0.9793105125427246
00000157,1,0.9743020534515381,0.9993810653686523,0.9977812767028809,0.9772080183029175
00000157,2,0.9753637909889221,0.9991374015808105,0.9977214932441711,0.978538990020752
00000157,3,0.9732012748718262,0.9993264675140381,0.9973673224449158,0.9765411019325256
00000157,4,0.9735543131828308,0.9991979598999023,0.9973590970039368,0.9770457148551941
00000157,5,0.9756004214286804,0.9994786977767944,0.9978722929954529,0.9783321619033813
00000144,0,0.9771299362182617,0.9994726181030273,0.9982735514640808,0.9794833064079285
00000144,1,0.9763000011444092,0.9995173811912537,0.9982450604438782,0.9786375761032104
00000144,2,0.9779129028320312,0.9992074370384216,0.9983440637588501,0.9804284572601318
00000144,3,0.9642301797866821,0.9987890720367432,0.9952124953269958,0.9698439836502075
00000144,4,0.9764763712882996,0.9992666840553284,0.9980010986328125,0.9793037176132202
00000144,5,0.975612223148346,0.99947190284729,0.9978657960891724,0.9783560633659363
00000160,0,0.9767012596130371,0.9994542598724365,0.9981687068939209,0.9791710376739502
00000160,1,0.9720109701156616,0.9992136359214783,0.997250497341156,0.9755601286888123
00000160,2,0.9737815260887146,0.9990118741989136,0.997305691242218,0.9774918556213379
00000160,3,0.9747852683067322,0.9993662238121033,0.9977167248725891,0.9777694344520569
00000160,4,0.9710800647735596,0.9992261528968811,0.9967562556266785,0.975037693977356
00000160,5,0.9734524488449097,0.9993650317192078,0.9973892569541931,0.9767275452613831
00000218,0,0.9766380786895752,0.9994574189186096,0.9981780052185059,0.9791066646575928
00000218,1,0.9757288098335266,0.9994720816612244,0.9981142282485962,0.9782423377037048
00000218,2,0.9755780100822449,0.9988044500350952,0.9976767301559448,0.9787108898162842
00000218,3,0.9734942317008972,0.9980555772781372,0.9972337484359741,0.9770458936691284
00000218,4,0.9692255258560181,0.9982936382293701,0.9960436224937439,0.973762035369873
00000218,5,0.9758405685424805,0.9994272589683533,0.9979202151298523,0.9785200357437134
00000210,0,0.9669914841651917,0.9988497495651245,0.9960801601409912,0.9718117713928223
00000210,1,0.9764999151229858,0.999548614025116,0.9983125925064087,0.9787464737892151
00000210,2,0.977094292640686,0.9989615678787231,0.9980732202529907,0.9796736240386963
00000210,3,0.9738063812255859,0.9980595111846924,0.9972944259643555,0.9772570729255676
00000210,4,0.9712395071983337,0.9982303977012634,0.9965611100196838,0.9754289388656616
00000210,5,0.9771082997322083,0.9995150566101074,0.9982503652572632,0.9794377088546753
00000121,0,0.9721307754516602,0.9966129660606384,0.99684077501297,0.9781720042228699
00000121,1,0.9759453535079956,0.9994547367095947,0.9981305599212646,0.9784623980522156
00000121,2,0.9775895476341248,0.9991146326065063,0.9982417821884155,0.9802206754684448
00000121,3,0.9758108854293823,0.9991229772567749,0.9980160593986511,0.9786635637283325
00000121,4,0.9765032529830933,0.9993360042572021,0.997947633266449,0.9792162179946899
00000121,5,0.9683802723884583,0.9990445971488953,0.9960452914237976,0.973102867603302
00000147,0,0.9773144721984863,0.9994920492172241,0.9983172416687012,0.9796072840690613
00000147,1,0.9753860831260681,0.9994590282440186,0.9980336427688599,0.9779821038246155
00000147,2,0.9776053428649902,0.9992886185646057,0.9982901811599731,0.9800776839256287
00000147,3,0.9738972187042236,0.9990116357803345,0.9974978566169739,0.977329432964325
00000147,4,0.9767558574676514,0.9992387890815735,0.9980702996253967,0.9795158505439758
00000147,5,0.9754968881607056,0.9994738698005676,0.9978376030921936,0.9782645106315613
00000205,0,0.9755408763885498,0.9994204044342041,0.9979236721992493,0.9782809615135193
00000205,1,0.9760171175003052,0.999518632888794,0.9981904029846191,0.9784104824066162
00000205,2,0.9771642088890076,0.9989416003227234,0.9980903267860413,0.9797332882881165
00000205,3,0.971449077129364,0.9979243874549866,0.9967280626296997,0.975551426410675
00000205,4,0.9720746874809265,0.9982339143753052,0.9967349171638489,0.9760448336601257
00000205,5,0.977109432220459,0.9995128512382507,0.9982216358184814,0.9794490933418274
00000191,0,0.9754303693771362,0.9993996620178223,0.9979071021080017,0.9782057404518127
00000191,1,0.9760042428970337,0.9995102286338806,0.9981862306594849,0.9784093499183655
00000191,2,0.9772107601165771,0.9990092515945435,0.9981361031532288,0.9797221422195435
00000191,3,0.9690341353416443,0.9976671934127808,0.9960803985595703,0.9736526012420654
00000191,4,0.9744135141372681,0.9985856413841248,0.9974050521850586,0.9778192043304443
00000191,5,0.976771354675293,0.9995234608650208,0.9981561303138733,0.9791873693466187
00000231,0,0.9698647856712341,0.9975782036781311,0.9957111477851868,0.9748736619949341
00000231,1,0.970073401927948,0.9971551895141602,0.9958741664886475,0.9754543900489807
00000231,2,0.9723577499389648,0.996597409248352,0.996307373046875,0.9777895212173462
00000231,3,0.9720954895019531,0.9979702830314636,0.9969003200531006,0.9760712385177612
00000231,4,0.9685116410255432,0.9977785348892212,0.9958818554878235,0.9736407399177551
00000231,5,0.9711104035377502,0.9990290403366089,0.9968186020851135,0.9750975370407104
00000126,0,0.9759935736656189,0.9993830323219299,0.9980068206787109,0.9786903858184814
00000126,1,0.9753528833389282,0.9993981122970581,0.998008668422699,0.9780406355857849
00000126,2,0.9770185947418213,0.9990960955619812,0.9981120824813843,0.9797928333282471
00000126,3,0.9756972193717957,0.999269962310791,0.9979453086853027,0.9784471392631531
00000126,4,0.9759772419929504,0.9993299841880798,0.9977915287017822,0.978847086429596
00000126,5,0.9764430522918701,0.9994820952415466,0.9980299472808838,0.9790224432945251
00000180,0,0.9774166941642761,0.9995129704475403,0.9983435869216919,0.9796731472015381
00000180,1,0.9760771989822388,0.9995108842849731,0.9982045888900757,0.9784649014472961
00000180,2,0.9779423475265503,0.9992122054100037,0.9983543157577515,0.9804518818855286
00000180,3,0.9760624766349792,0.9993435144424438,0.9980587363243103,0.9787012934684753
00000180,4,0.9743263125419617,0.9993465542793274,0.9975354671478271,0.9775051474571228
00000180,5,0.9735409021377563,0.9993878602981567,0.9974395036697388,0.9767555594444275
00000242,0,0.9721496105194092,0.9983372092247009,0.996302604675293,0.976189911365509
00000242,1,0.9626097083091736,0.9976316690444946,0.9944151639938354,0.9690629839897156
00000242,2,0.9657868146896362,0.9975556135177612,0.9946627616882324,0.9719559550285339
00000242,3,0.9672533273696899,0.9976685047149658,0.9956691265106201,0.9726403951644897
00000242,4,0.9650522470474243,0.9978797435760498,0.9950175881385803,0.9706641435623169
00000242,5,0.9730893969535828,0.9988560676574707,0.9972409009933472,0.9767627716064453
00000219,0,0.9768942594528198,0.9995071291923523,0.9982332587242126,0.9792605042457581
00000219,1,0.9763646721839905,0.9995374083518982,0.998275637626648,0.9786572456359863
00000219,2,0.9774115681648254,0.9989899396896362,0.9981564283370972,0.9798792004585266
00000219,3,0.9730862379074097,0.9980821013450623,0.9971387386322021,0.9767137169837952
00000219,4,0.9671300053596497,0.9982250332832336,0.9955237507820129,0.9721383452415466
00000219,5,0.9698931574821472,0.9991187453269958,0.9965613484382629,0.9740569591522217
00000128,0,0.977026641368866,0.9994807243347168,0.9982498288154602,0.9793925881385803
00000128,1,0.9727952480316162,0.9992666840553284,0.9974117279052734,0.9761540293693542
00000128,2,0.9761104583740234,0.9991318583488464,0.9979070425033569,0.9790571331977844
00000128,3,0.975308895111084,0.9992206692695618,0.9978309273719788,0.9782209992408752
00000128,4,0.9769291877746582,0.9991732835769653,0.998089611530304,0.9796736836433411
00000128,5,0.9759940505027771,0.9994714856147766,0.9979157447814941,0.9786920547485352
00000213,0,0.9719845652580261,0.9992064833641052,0.9971556663513184,0.9756065607070923
00000213,1,0.9759742021560669,0.9995259046554565,0.9981822371482849,0.9783653616905212
00000213,2,0.9772030711174011,0.9988824129104614,0.998088002204895,0.9798612594604492
00000213,3,0.9732236266136169,0.9980374574661255,0.9971598982810974,0.9768495559692383
00000213,4,0.9736947417259216,0.9984592199325562,0.9970968961715698,0.9771286249160767
00000213,5,0.9771230816841125,0.9995176196098328,0.9982250928878784,0.9794637560844421
00000163,0,0.9773563742637634,0.9995093941688538,0.998336136341095,0.9796101450920105
00000163,1,0.9753476977348328,0.9994522929191589,0.9980315566062927,0.9779472351074219
00000163,2,0.9781074523925781,0.9993314146995544,0.9984097480773926,0.9804277420043945
00000163,3,0.9732002019882202,0.9991510510444641,0.9973954558372498,0.9766921401023865
00000163,4,0.9751206040382385,0.9994373917579651,0.9976940155029297,0.9780651926994324
00000163,5,0.9726593494415283,0.9993381500244141,0.9972164034843445,0.9761133790016174
00000217,0,0.9752645492553711,0.9994065165519714,0.9978733062744141,0.9780648946762085
00000217,1,0.9760934710502625,0.999536395072937,0.9982167482376099,0.9784426093101501
00000217,2,0.976607620716095,0.9988256692886353,0.9979581236839294,0.979447603225708
00000217,3,0.9693840146064758,0.9978768825531006,0.9962508678436279,0.9740280508995056
00000217,4,0.9728037714958191,0.9983725547790527,0.9969309568405151,0.9765332937240601
00000217,5,0.9749171733856201,0.9993931651115417,0.9977155923843384,0.9778342843055725
00000137,0,0.9761691689491272,0.9994493722915649,0.9980735182762146,0.9787331819534302
00000137,1,0.9738816618919373,0.9993528723716736,0.9976769685745239,0.9769122004508972
00000137,2,0.9778640270233154,0.9992426633834839,0.9983222484588623,0.9802880883216858
00000137,3,0.974869966506958,0.9992696642875671,0.9977649450302124,0.9778140187263489
00000137,4,0.976844847202301,0.9992677569389343,0.9981132745742798,0.9795395731925964
00000137,5,0.9769377708435059,0.9995304942131042,0.9981629252433777,0.9793452024459839
00000175,0,0.9773535132408142,0.9995326995849609,0.9983434081077576,0.9795880913734436
00000175,1,0.9758673906326294,0.9994873404502869,0.9981518387794495,0.9783284068107605
00000175,2,0.9781323671340942,0.9992470741271973,0.9984021186828613,0.9806398153305054
00000175,3,0.9769158363342285,0.9994310736656189,0.9982853531837463,0.979319155216217
00000175,4,0.9782991409301758,0.9994912147521973,0.9984781742095947,0.9804581999778748
00000175,5,0.977236270904541,0.9995790719985962,0.9982883334159851,0.9794864654541016
00000250,0,0.9727057218551636,0.9983682632446289,0.9964336156845093,0.9765896201133728
00000250,1,0.9730109572410583,0.9983580112457275,0.9966748356819153,0.9768356084823608
00000250,2,0.9726851582527161,0.9979571104049683,0.9963399171829224,0.9770603775978088
00000250,3,0.9719213843345642,0.9979228973388672,0.996826171875,0.9760192632675171
00000250,4,0.9676921367645264,0.9978768229484558,0.9956046342849731,0.9727507829666138
00000250,5,0.9743495583534241,0.9988657832145691,0.9975254535675049,0.9776962995529175
00000216,0,0.9757372736930847,0.9994357228279114,0.9979726672172546,0.9784181118011475
00000216,1,0.974732518196106,0.9994292259216309,0.9978983402252197,0.9774885177612305
00000216,2,0.9773166179656982,0.9989773631095886,0.9981330037117004,0.9798163771629333
00000216,3,0.9698428511619568,0.9978916049003601,0.9963183999061584,0.974406361579895
00000216,4,0.9733518362045288,0.9984220862388611,0.9970446825027466,0.9769143462181091
00000216,5,0.9695848226547241,0.9991206526756287,0.9964835047721863,0.973824143409729
00000143,0,0.9763911366462708,0.9994560480117798,0.9981117248535156,0.9789137840270996
00000143,1,0.9759816527366638,0.9994991421699524,0.9981682896614075,0.9784095883369446
00000143,2,0.9766788482666016,0.9991308450698853,0.9980024695396423,0.9795964360237122
00000143,3,0.9759793281555176,0.9994034171104431,0.9980366230010986,0.9786041378974915
00000143,4,0.9766172170639038,0.9993293285369873,0.9980565905570984,0.9793200492858887
00000143,5,0.9771358966827393,0.9995489716529846,0.9982274770736694,0.9794635772705078
00000236,0,0.9727970957756042,0.9983664155006409,0.9964507818222046,0.9766704440116882
00000236,1,0.9724546670913696,0.9983223080635071,0.996542751789093,0.9764360189437866
00000236,2,0.9746062159538269,0.9981055855751038,0.9968141913414001,0.978369951248169
00000236,3,0.9728835225105286,0.9980160593986511,0.9970821142196655,0.9766532778739929
00000236,4,0.9640960097312927,0.9977732300758362,0.9947893619537354,0.9700433015823364
00000236,5,0.962172269821167,0.9983278512954712,0.9948619604110718,0.9682877063751221
00000202,0,0.9770378470420837,0.9994931817054749,0.9982572197914124,0.9793957471847534
00000202,1,0.9763410687446594,0.9995447993278503,0.9982795715332031,0.978622317314148
00000202,2,0.9767773747444153,0.9989203214645386,0.9979969263076782,0.9794628620147705
00000202,3,0.9732419848442078,0.9979812502861023,0.9971568584442139,0.9768476486206055
00000202,4,0.9675378799438477,0.9982689023017883,0.995649516582489,0.9724551439285278
00000202,5,0.9760087728500366,0.9994579553604126,0.9979715347290039,0.9786402583122253
00000256,0,0.9736948609352112,0.9984174966812134,0.9966393113136292,0.9773444533348083
00000256,1,0.973053514957428,0.9983693957328796,0.9966668486595154,0.9768677353858948
00000256,2,0.9747818112373352,0.9981898069381714,0.9968806505203247,0.9783859848976135
00000256,3,0.9729524850845337,0.9980601072311401,0.9971103072166443,0.9766270518302917
00000256,4,0.9695160984992981,0.9980219006538391,0.9960077404975891,0.9740873575210571
00000256,5,0.9673305153846741,0.9984731078147888,0.995947539806366,0.9723770618438721
00000122,0,0.9765846133232117,0.9994533061981201,0.9981395602226257,0.9790841341018677
00000122,1,0.9760919213294983,0.9994955062866211,0.9981746673583984,0.9785186052322388
00000122,2,0.977459192276001,0.9991803169250488,0.9981986284255981,0.9800504446029663
00000122,3,0.9748162627220154,0.9990353584289551,0.9977366924285889,0.9779996275901794
00000122,4,0.9766048192977905,0.9993410110473633,0.9979565143585205,0.9793134331703186
00000122,5,0.9738184213638306,0.9993115067481995,0.9973462820053101,0.9771984219551086
00000158,0,0.9762112498283386,0.9994494318962097,0.9980581402778625,0.9787890911102295
00000158,1,0.9763053059577942,0.9995089173316956,0.9982467293739319,0.978646993637085
00000158,2,0.9780374765396118,0.9992967247962952,0.9983606934547424,0.9805094599723816
00000158,3,0.9705697298049927,0.999123215675354,0.9967541098594666,0.9746491312980652
00000158,4,0.9765260815620422,0.9993520379066467,0.9980606436729431,0.979233980178833
00000158,5,0.970737874507904,0.9992253184318542,0.99675452709198,0.974683403968811
00000141,0,0.9769408106803894,0.9994633197784424,0.9982264041900635,0.979349672794342
00000141,1,0.976472020149231,0.9995331168174744,0.9982861876487732,0.9787518978118896
00000141,2,0.977842390537262,0.9992461800575256,0.9983299970626831,0.9802626371383667
00000141,3,0.9727901816368103,0.9988521337509155,0.9971528053283691,0.9764840602874756
00000141,4,0.9772645235061646,0.9993530511856079,0.9982059001922607,0.9797992706298828
00000141,5,0.9718096852302551,0.9992698431015015,0.996968150138855,0.9755445718765259
00000182,0,0.9769477248191833,0.9994778633117676,0.9982490539550781,0.9793271422386169
00000182,1,0.9764729142189026,0.9995385408401489,0.9982993006706238,0.9787408113479614
00000182,2,0.977504551410675,0.9989821910858154,0.9982184767723083,0.9801309704780579
00000182,3,0.9728921055793762,0.9980478286743164,0.997072696685791,0.9763181209564209
00000182,4,0.9741119146347046,0.9989578127861023,0.997367262840271,0.9775172472000122
00000182,5,0.9732586145401001,0.999366819858551,0.9973543286323547,0.9765654802322388
00000195,0,0.9766680598258972,0.9994603395462036,0.9981917142868042,0.9791206121444702
00000195,1,0.9685308933258057,0.9989635944366455,0.9964828491210938,0.972970724105835
00000195,2,0.9752420783042908,0.9988698959350586,0.9976351261138916,0.9783464074134827
00000195,3,0.972395122051239,0.9978117346763611,0.9969491362571716,0.9761360287666321
00000195,4,0.96624755859375,0.9982601404190063,0.9953590631484985,0.9714651107788086
00000195,5,0.9760820269584656,0.9994596242904663,0.9979738593101501,0.9787043333053589
00000190,0,0.9773362874984741,0.999505877494812,0.9983283281326294,0.9796141386032104
00000190,1,0.9765565395355225,0.9995675683021545,0.9983248710632324,0.9787725210189819
00000190,2,0.9772249460220337,0.9990044236183167,0.9981284141540527,0.9797772765159607
00000190,3,0.9693364500999451,0.9975805878639221,0.9961534738540649,0.9739545583724976
00000190,4,0.9716843366622925,0.998713493347168,0.9967373013496399,0.9756277799606323
00000190,5,0.9715961217880249,0.9992530941963196,0.9969601631164551,0.9753391742706299
00000146,0,0.9744458198547363,0.9993573427200317,0.9976823925971985,0.9774593114852905
00000146,1,0.9760343432426453,0.9994930624961853,0.998187243938446,0.9784493446350098
00000146,2,0.9771580100059509,0.999232292175293,0.9981563687324524,0.9797890186309814
00000146,3,0.9749559164047241,0.99925696849823,0.9977483749389648,0.9779348373413086
00000146,4,0.9776234030723572,0.9994474053382874,0.9982478022575378,0.9800024628639221
00000146,5,0.9772681593894958,0.9995536804199219,0.9982644319534302,0.9795559644699097
00000116,0,0.975967526435852,0.9993582963943481,0.9979838728904724,0.9786354899406433
00000116,1,0.9754577279090881,0.9994326233863831,0.998003363609314,0.9780413508415222
00000116,2,0.9766483306884766,0.9990615844726562,0.997992992401123,0.9794661402702332
00000116,3,0.9750678539276123,0.999165952205658,0.9977859258651733,0.9779903888702393
00000116,4,0.9750063419342041,0.9992806315422058,0.9975690245628357,0.9781308770179749
00000116,5,0.9731183648109436,0.9991317391395569,0.9971405267715454,0.9768331050872803
00000227,0,0.9771338701248169,0.999492347240448,0.998292088508606,0.9794589877128601
00000227,1,0.9761307239532471,0.9995258450508118,0.9982317686080933,0.9784762263298035
00000227,2,0.9772169589996338,0.99896240234375,0.9980977773666382,0.9797830581665039
00000227,3,0.9718224406242371,0.9979462623596191,0.9967791438102722,0.975925087928772
00000227,4,0.963324248790741,0.997986912727356,0.9946324825286865,0.9692549109458923
00000227,5,0.9666327834129333,0.9989038109779358,0.9958581328392029,0.9715335369110107
00000111,0,0.9763046503067017,0.999391496181488,0.9980603456497192,0.9788689017295837
00000111,1,0.9743480086326599,0.9993539452552795,0.9977315068244934,0.9772665500640869
00000111,2,0.9766166806221008,0.9989815354347229,0.9979786276817322,0.979520857334137
00000111,3,0.9738881587982178,0.9990578889846802,0.9974655508995056,0.9772381782531738
00000111,4,0.9769946336746216,0.9993210434913635,0.9980424642562866,0.9796222448348999
00000111,5,0.9755954146385193,0.9994186162948608,0.9977680444717407,0.9784616231918335
00000125,0,0.9764482378959656,0.9994314908981323,0.9981250762939453,0.9789868593215942
00000125,1,0.9762290716171265,0.9995095133781433,0.9982179403305054,0.9785993099212646
00000125,2,0.9777081608772278,0.9991322159767151,0.9982714653015137,0.9803258180618286
00000125,3,0.9751285314559937,0.9991605281829834,0.997806966304779,0.9781015515327454
00000125,4,0.9760852456092834,0.9992967247962952,0.9978272914886475,0.9789549708366394
00000125,5,0.975082516670227,0.9994125366210938,0.9976630210876465,0.978076696395874
00000130,0,0.97707200050354,0.9994722604751587,0.9982554912567139,0.9794449806213379
00000130,1,0.9761825203895569,0.9995134472846985,0.9982122182846069,0.9785527586936951
00000130,2,0.9776059985160828,0.9992217421531677,0.9982691407203674,0.9800970554351807
00000130,3,0.9753217697143555,0.9992120265960693,0.9978523254394531,0.9781944155693054
00000130,4,0.9766296744346619,0.9991387724876404,0.9980374574661255,0.9794747233390808
00000130,5,0.9747031331062317,0.9994091987609863,0.997602105140686,0.9777507781982422
00000115,0,0.9761673212051392,0.9993996024131775,0.9980342388153076,0.9787474870681763
00000115,1,0.9754549860954285,0.9994280934333801,0.9980015754699707,0.978045642375946
00000115,2,0.9772025942802429,0.9991234540939331,0.9981261491775513,0.9798118472099304
00000115,3,0.969804048538208,0.9988933801651001,0.9964805841445923,0.974215567111969
00000115,4,0.9749279618263245,0.9991616010665894,0.9976227283477783,0.9781323075294495
00000115,5,0.9720979928970337,0.9992400407791138,0.996891438961029,0.9759301543235779
00000187,0,0.9755696058273315,0.9994289875030518,0.9979405999183655,0.9782854914665222
00000187,1,0.9763227105140686,0.9995250105857849,0.9982656836509705,0.9786381125450134
00000187,2,0.9748153686523438,0.9988688230514526,0.9975477457046509,0.9780530333518982
00000187,3,0.9729744791984558,0.9978770613670349,0.9970735311508179,0.976435661315918
00000187,4,0.9760924577713013,0.9989725947380066,0.9977875351905823,0.9788846969604492
00000187,5,0.9763723611831665,0.9995173811912537,0.9980967044830322,0.9788573980331421
00000154,0,0.9768787622451782,0.9994921088218689,0.9982215166091919,0.9792606830596924
00000154,1,0.9752391576766968,0.9994609951972961,0.9979852437973022,0.9778769612312317
00000154,2,0.9770046472549438,0.9991553425788879,0.9981034398078918,0.9798387289047241
00000154,3,0.976939857006073,0.9994508624076843,0.9982775449752808,0.9793055057525635
00000154,4,0.9766380190849304,0.9992429614067078,0.9981066584587097,0.9794045686721802
00000154,5,0.977400541305542,0.9995656609535217,0.9983070492744446,0.979636013507843
00000241,0,0.9729530811309814,0.9983757138252258,0.996493935585022,0.976774275302887
00000241,1,0.9686916470527649,0.9980435371398926,0.9957212805747986,0.9736827611923218
00000241,2,0.9741590619087219,0.998073399066925,0.9966985583305359,0.9780623316764832
00000241,3,0.9710040092468262,0.9978447556495667,0.9965693354606628,0.9754231572151184
00000241,4,0.9658950567245483,0.997680127620697,0.9952515363693237,0.9715247750282288
00000241,5,0.9670641422271729,0.9985476136207581,0.9958934187889099,0.9721728563308716
00000199,0,0.976351261138916,0.999470055103302,0.9980992078781128,0.9788796901702881
00000199,1,0.9764281511306763,0.9995465278625488,0.9982872605323792,0.9787014722824097
00000199,2,0.9773519039154053,0.9989746809005737,0.9981387257575989,0.9798571467399597
00000199,3,0.9714030027389526,0.9977011680603027,0.996705949306488,0.9756568074226379
00000199,4,0.9681377410888672,0.9983170628547668,0.9958217740058899,0.9729743599891663
00000199,5,0.9756671190261841,0.9994578957557678,0.9978910684585571,0.9783855676651001
00000261,0,0.9719348549842834,0.9983053803443909,0.9962607622146606,0.9760442972183228
00000261,1,0.9729450345039368,0.9983488917350769,0.9966620206832886,0.9767903089523315
00000261,2,0.9742708206176758,0.9981160759925842,0.9967225790023804,0.9781185984611511
00000261,3,0.9721407890319824,0.9979370832443237,0.9968765377998352,0.9761651754379272
00000261,4,0.9634045362472534,0.9977241158485413,0.9945912957191467,0.9694293141365051
00000261,5,0.968650758266449,0.9984431266784668,0.9962195158004761,0.9734457731246948
00000114,0,0.9738355875015259,0.9992649555206299,0.9975274205207825,0.9770230054855347
00000114,1,0.9754080176353455,0.9994217753410339,0.9979924559593201,0.978013813495636
00000114,2,0.9760087132453918,0.9989417195320129,0.9978207349777222,0.9790939092636108
00000114,3,0.9751488566398621,0.9991558790206909,0.9977864027023315,0.9780896902084351
00000114,4,0.974563479423523,0.9992311000823975,0.9974923133850098,0.9777969121932983
00000114,5,0.9752727150917053,0.9993773102760315,0.9976796507835388,0.9782607555389404
00000258,0,0.9717037081718445,0.9983065724372864,0.9962245225906372,0.9758346676826477
00000258,1,0.9718798398971558,0.9982717037200928,0.9964173436164856,0.97602778673172
00000258,2,0.9740208983421326,0.998150646686554,0.9966974854469299,0.977831244468689
00000258,3,0.9725208282470703,0.9979686141014099,0.9969836473464966,0.9764233827590942
00000258,4,0.9597079753875732,0.9975239038467407,0.9937558770179749,0.9665383100509644
00000258,5,0.9699130058288574,0.9985905885696411,0.9965171217918396,0.974365234375
00000181,0,0.975977897644043,0.9994322657585144,0.9980308413505554,0.9786080718040466
00000181,1,0.9764896035194397,0.9995408654212952,0.9982978701591492,0.9787583351135254
00000181,2,0.9771671891212463,0.999115526676178,0.998151421546936,0.9797689914703369
00000181,3,0.9728319048881531,0.9982435703277588,0.997126042842865,0.9763655662536621
00000181,4,0.9746571183204651,0.9989504218101501,0.9975346922874451,0.9780195355415344
00000181,5,0.9776222109794617,0.9995913505554199,0.9983803033828735,0.9797711968421936
00000165,0,0.9772792458534241,0.9994944930076599,0.9983178377151489,0.9795657396316528
00000165,1,0.9764717221260071,0.9995347261428833,0.998295247554779,0.9787415266036987
00000165,2,0.9772273898124695,0.9992679953575134,0.9981822967529297,0.9798716902732849
00000165,3,0.9760139584541321,0.9994326233863831,0.998056948184967,0.9786131381988525
00000165,4,0.975078284740448,0.9994292259216309,0.9976924061775208,0.9780340194702148
00000165,5,0.9772347807884216,0.9995626211166382,0.9982712864875793,0.9795085787773132
00000230,0,0.9770402908325195,0.9994592070579529,0.9982286095619202,0.9794201254844666
00000230,1,0.9761382937431335,0.9994931221008301,0.9981847405433655,0.9785319566726685
00000230,2,0.9767700433731079,0.9989200234413147,0.9979646801948547,0.9794950485229492
00000230,3,0.9726491570472717,0.9980276226997375,0.9969977140426636,0.9764763712882996
00000230,4,0.9688592553138733,0.9980883002281189,0.9959665536880493,0.9736171960830688
00000230,5,0.9721438884735107,0.9991729855537415,0.9970491528511047,0.9757978320121765
00000246,0,0.9736667275428772,0.9984170198440552,0.9966482520103455,0.9773042798042297
00000246,1,0.9701974987983704,0.9981796145439148,0.996025025844574,0.9747945666313171
00000246,2,0.9738982319831848,0.9980719685554504,0.9966434836387634,0.9778454899787903
00000246,3,0.9682457447052002,0.9975244402885437,0.9958548545837402,0.9735966920852661
00000246,4,0.9644477963447571,0.9975950121879578,0.9948994517326355,0.9703986644744873
00000246,5,0.9615470767021179,0.998205840587616,0.9946956634521484,0.9678235650062561
00000138,0,0.9772005081176758,0.9995083808898926,0.9982888102531433,0.9795034527778625
00000138,1,0.9756348729133606,0.9994459748268127,0.9980779886245728,0.9782017469406128
00000138,2,0.9774421453475952,0.9991255402565002,0.9982194304466248,0.9800994396209717
00000138,3,0.9736591577529907,0.9991664290428162,0.9974661469459534,0.9769684076309204
00000138,4,0.9777221083641052,0.9994688630104065,0.9982675313949585,0.9800662398338318
00000138,5,0.9766733050346375,0.9995289444923401,0.9981085062026978,0.9791335463523865
00000179,0,0.9770075082778931,0.9995046854019165,0.9982584714889526,0.979350745677948
00000179,1,0.9763763546943665,0.9995152354240417,0.9982767105102539,0.9786907434463501
00000179,2,0.9776377081871033,0.9993127584457397,0.9982792735099792,0.9801092743873596
00000179,3,0.9742265939712524,0.9992735385894775,0.9975842833518982,0.9774044752120972
00000179,4,0.9774619340896606,0.999257504940033,0.9983165860176086,0.9800164699554443
00000179,5,0.9715774655342102,0.9993011951446533,0.9970169067382812,0.9752377867698669
00000196,0,0.9764123558998108,0.9994683265686035,0.9981328845024109,0.9789116382598877
00000196,1,0.9758644104003906,0.9995121955871582,0.998162031173706,0.9782900214195251
00000196,2,0.9773315787315369,0.9988502264022827,0.9981325268745422,0.9799995422363281
00000196,3,0.9704532623291016,0.9977633953094482,0.996465802192688,0.9747304320335388
00000196,4,0.9726353883743286,0.9983202219009399,0.9969068169593811,0.9764787554740906
00000196,5,0.9736373424530029,0.9993396997451782,0.9973935484886169,0.9769042730331421
00000132,0,0.9770368933677673,0.9994863867759705,0.9982435703277588,0.9794021248817444
00000132,1,0.9744735360145569,0.9993953108787537,0.9978094696998596,0.977340579032898
00000132,2,0.9770801067352295,0.9991777539253235,0.9981319308280945,0.9797441363334656
00000132,3,0.9726007580757141,0.9990853071212769,0.9971538186073303,0.9762821793556213
00000132,4,0.9760544300079346,0.9990858435630798,0.9979049563407898,0.979077935218811
00000132,5,0.9743092656135559,0.9993947148323059,0.9975244998931885,0.9774406552314758
00000124,0,0.9745476841926575,0.9993114471435547,0.9977062344551086,0.9775933623313904
00000124,1,0.9758684635162354,0.9994344711303711,0.9981420040130615,0.978386640548706
00000124,2,0.977643609046936,0.9991721510887146,0.9982548952102661,0.9802027940750122
00000124,3,0.9742547869682312,0.9989956021308899,0.9975874423980713,0.9776384234428406
00000124,4,0.9762784242630005,0.9993389248847961,0.9978970289230347,0.9790390729904175
00000124,5,0.9715993404388428,0.9992342591285706,0.9968284368515015,0.9754987359046936
00000237,0,0.9737096428871155,0.9984110593795776,0.9966534376144409,0.9773394465446472
00000237,1,0.9704297780990601,0.9981969594955444,0.9960834383964539,0.9749540090560913
00000237,2,0.9743720889091492,0.998052716255188,0.9967754483222961,0.978219211101532
00000237,3,0.973283588886261,0.998053789138794,0.9971874952316284,0.9769120812416077
00000237,4,0.9653967618942261,0.9978876709938049,0.995120644569397,0.9709693193435669
00000237,5,0.9673023223876953,0.9985958933830261,0.9959676861763,0.9723395705223083
00000249,0,0.972226619720459,0.9983172416687012,0.9963328838348389,0.9762560129165649
00000249,1,0.9720444083213806,0.9983237981796265,0.9964445233345032,0.9761138558387756
00000249,2,0.9741072058677673,0.9981454014778137,0.9967053532600403,0.9779089689254761
00000249,3,0.9732592105865479,0.9980689287185669,0.9971739649772644,0.9768903851509094
00000249,4,0.9592151045799255,0.9973959922790527,0.9936459064483643,0.9662805199623108
00000249,5,0.9629376530647278,0.9982667565345764,0.9949480891227722,0.9689543843269348
00000142,0,0.9767993688583374,0.9994645118713379,0.9982051253318787,0.9792267084121704
00000142,1,0.9760879874229431,0.9995093941688538,0.998191237449646,0.9784827828407288
00000142,2,0.9778029322624207,0.999250054359436,0.998326301574707,0.9802431464195251
00000142,3,0.9644948840141296,0.9979081749916077,0.9949101805686951,0.9707199335098267
00000142,4,0.9751492142677307,0.9993749856948853,0.9976616501808167,0.9781520962715149
00000142,5,0.9724103808403015,0.9993107318878174,0.9971091151237488,0.975986659526825
00000178,0,0.9774792790412903,0.9995324611663818,0.9983686208724976,0.9796895980834961
00000178,1,0.9761393666267395,0.9995161294937134,0.9982131123542786,0.9785137176513672
00000178,2,0.9743842482566833,0.999078631401062,0.997471809387207,0.9778788089752197
00000178,3,0.9754588603973389,0.999363124370575,0.9978910088539124,0.9782808423042297
00000178,4,0.9759565591812134,0.9992627501487732,0.997934877872467,0.9788676500320435
00000178,5,0.9764783382415771,0.999537467956543,0.9981145262718201,0.9789344668388367
00000123,0,0.9766858220100403,0.9994252324104309,0.9981721639633179,0.9791824817657471
00000123,1,0.9760407209396362,0.9995008111000061,0.9981761574745178,0.9784606099128723
00000123,2,0.9777582883834839,0.9991112947463989,0.9983083605766296,0.9803246259689331
00000123,3,0.9751338362693787,0.9991089701652527,0.997822642326355,0.9781649112701416
00000123,4,0.9772801995277405,0.9993345737457275,0.9981274008750916,0.9798237085342407
00000123,5,0.973118245601654,0.999315619468689,0.9971863627433777,0.9766334891319275
00000259,0,0.9728382229804993,0.9981313943862915,0.9964787364006042,0.9769708514213562
00000259,1,0.9699416160583496,0.9981551766395569,0.9959917664527893,0.9745877385139465
00000259,2,0.9735794067382812,0.9980498552322388,0.9965711832046509,0.9776363968849182
00000259,3,0.9655959010124207,0.9975420832633972,0.9952903389930725,0.9714192748069763
00000259,4,0.9635306596755981,0.9976896047592163,0.9946263432502747,0.9695426821708679
00000259,5,0.9586439728736877,0.9979196786880493,0.9940556287765503,0.9655297994613647
00000257,0,0.9735579490661621,0.9984086751937866,0.9966170191764832,0.9772288203239441
00000257,1,0.9730411767959595,0.9983578324317932,0.9966755509376526,0.9768629670143127
00000257,2,0.9747889637947083,0.9981153011322021,0.9968730211257935,0.9784948825836182
00000257,3,0.9711409211158752,0.997747004032135,0.9966224431991577,0.9755846261978149
00000257,4,0.9658909440040588,0.9978456497192383,0.9951834678649902,0.9713350534439087
00000257,5,0.9700004458427429,0.9985934495925903,0.9965410828590393,0.9744426608085632
00000248,0,0.9719727039337158,0.9983289241790771,0.9962766766548157,0.9760424494743347
00000248,1,0.9727656841278076,0.998343825340271,0.9966137409210205,0.9766600131988525
00000248,2,0.9743897914886475,0.9981434941291809,0.9967699646949768,0.9781415462493896
00000248,3,0.9716823697090149,0.9979238510131836,0.9967294335365295,0.9758657217025757
00000248,4,0.9692777395248413,0.9980102181434631,0.9959585070610046,0.9739043116569519
00000248,5,0.9629275798797607,0.9982907772064209,0.9949849843978882,0.9689110517501831
00000186,0,0.9765239953994751,0.9994776248931885,0.9981481432914734,0.978998601436615
00000186,1,0.9756520390510559,0.9994982481002808,0.998113214969635,0.9781391620635986
00000186,2,0.9770987629890442,0.9990252256393433,0.9981247186660767,0.9796639084815979
00000186,3,0.9703139662742615,0.9977316856384277,0.9964258074760437,0.9745162129402161
00000186,4,0.9729431867599487,0.9987176656723022,0.9970892667770386,0.9766886830329895
00000186,5,0.9756119847297668,0.9994786381721497,0.9979113340377808,0.9783065915107727
00000112,0,0.9753212928771973,0.9993436336517334,0.9978180527687073,0.9781590700149536
00000112,1,0.9753351807594299,0.9994280338287354,0.9979727268218994,0.9779564738273621
00000112,2,0.9772799015045166,0.9990881681442261,0.9981456398963928,0.9799069166183472
00000112,3,0.9716781377792358,0.9988889098167419,0.9969412088394165,0.9757070541381836
00000112,4,0.9736407995223999,0.9992344379425049,0.9972671866416931,0.9770647883415222
00000112,5,0.969452440738678,0.9991037249565125,0.9962694644927979,0.9739271998405457
00000162,0,0.9768468737602234,0.9994713068008423,0.9982131123542786,0.9792572855949402
00000162,1,0.9757595062255859,0.999472975730896,0.9981218576431274,0.9782567620277405
00000162,2,0.9777952432632446,0.9992729425430298,0.9983247518539429,0.9802457690238953
00000162,3,0.9731463193893433,0.999214231967926,0.9973549246788025,0.9766067266464233
00000162,4,0.9780393242835999,0.9995424747467041,0.9984052181243896,0.9802154302597046
00000162,5,0.9769047498703003,0.9995467066764832,0.9982129335403442,0.9792507290840149
00000211,0,0.9757185578346252,0.9994333386421204,0.9979665279388428,0.9784073233604431
00000211,1,0.9762959480285645,0.9995498657226562,0.9982540011405945,0.9785971641540527
00000211,2,0.9758481979370117,0.9988849759101868,0.997776985168457,0.978778600692749
00000211,3,0.9734410643577576,0.9980401992797852,0.997207760810852,0.976999819278717
00000211,4,0.9743624925613403,0.9984970092773438,0.9972350597381592,0.9775914549827576
00000211,5,0.9756578207015991,0.9994626641273499,0.9979027509689331,0.9783629775047302
00000188,0,0.974703848361969,0.9993719458580017,0.9977472424507141,0.9776516556739807
00000188,1,0.9765844345092773,0.9995600581169128,0.9983302354812622,0.9788012504577637
00000188,2,0.9767512083053589,0.998985767364502,0.9980258941650391,0.9794319868087769
00000188,3,0.9722362756729126,0.9978093504905701,0.9968729019165039,0.9759564399719238
00000188,4,0.9752792716026306,0.998752772808075,0.9976197481155396,0.9783913493156433
00000188,5,0.9752507209777832,0.9994578957557678,0.9978317618370056,0.9780386090278625
00000149,0,0.9744690656661987,0.9993374943733215,0.9976924657821655,0.9774935841560364
00000149,1,0.9764412045478821,0.9995303153991699,0.9982753396034241,0.9787358045578003
00000149,2,0.9769745469093323,0.9992151856422424,0.9981071352958679,0.9796966910362244
00000149,3,0.9742931723594666,0.9991000294685364,0.9975735545158386,0.9775311946868896
00000149,4,0.9750532507896423,0.9991909861564636,0.9977108836174011,0.9782190918922424
00000149,5,0.9765703082084656,0.9995259046554565,0.9980944991111755,0.9790472388267517
00000238,0,0.9723021984100342,0.9983172416687012,0.9963617324829102,0.9762969017028809
00000238,1,0.9714880585670471,0.9982741475105286,0.9963273406028748,0.9757120013237
00000238,2,0.9736068248748779,0.9980640411376953,0.99654221534729,0.9776605367660522
00000238,3,0.9731165170669556,0.9980465769767761,0.9971218705177307,0.976818323135376
00000238,4,0.963936448097229,0.9976023435592651,0.9948151111602783,0.9700312614440918
00000238,5,0.9731196165084839,0.998884379863739,0.9972812533378601,0.9767619967460632
00000110,0,0.976118266582489,0.999361515045166,0.9980199337005615,0.9787470102310181
00000110,1,0.9754074215888977,0.9994306564331055,0.9979923963546753,0.9780040383338928
00000110,2,0.9771588444709778,0.9990808367729187,0.9981189966201782,0.9798104166984558
00000110,3,0.9749219417572021,0.9991231560707092,0.997747004032135,0.9779277443885803
00000110,4,0.9748462438583374,0.9990862011909485,0.997568666934967,0.9781454801559448
00000110,5,0.9749025106430054,0.9993463158607483,0.9975944757461548,0.9780051112174988
00000233,0,0.9724416136741638,0.9983310699462891,0.9963801503181458,0.9764132499694824
00000233,1,0.9688308835029602,0.9980582594871521,0.9957333207130432,0.973797082901001
00000233,2,0.9687765836715698,0.9976613521575928,0.9953629374504089,0.9742700457572937
00000233,3,0.9698348641395569,0.9977878928184509,0.9962740540504456,0.9745621681213379
00000233,4,0.9623664617538452,0.9979295134544373,0.994364857673645,0.9685325622558594
00000233,5,0.9715456962585449,0.9988399147987366,0.9969199895858765,0.9755902290344238
00000239,0,0.9732505679130554,0.9983844757080078,0.9965649843215942,0.9769943952560425
00000239,1,0.9653538465499878,0.9978284239768982,0.9949873089790344,0.971173882484436
00000239,2,0.9736140966415405,0.9980237483978271,0.9965766072273254,0.9776897430419922
00000239,3,0.9653432965278625,0.9975315928459167,0.9952712655067444,0.9711938500404358
00000239,4,0.9596858620643616,0.9975998997688293,0.993771493434906,0.9665206074714661
00000239,5,0.9629972577095032,0.9983417391777039,0.9950008392333984,0.9689679145812988
00000243,0,0.9737060070037842,0.9984025359153748,0.9966588616371155,0.9773468375205994
00000243,1,0.9694142937660217,0.9979445338249207,0.9956451058387756,0.9744332432746887
00000243,2,0.9746144413948059,0.9981622695922852,0.9968327283859253,0.97829270362854
00000243,3,0.9724850654602051,0.9979576468467712,0.9969455599784851,0.9764384031295776
00000243,4,0.9720835089683533,0.9981109499931335,0.996640682220459,0.9760235548019409
00000243,5,0.9745708703994751,0.9989297389984131,0.9975947737693787,0.9778428673744202
00000253,0,0.9732365608215332,0.998371958732605,0.9965410828590393,0.97701096534729
00000253,1,0.9728360772132874,0.9983441829681396,0.9966107606887817,0.9767294526100159
00000253,2,0.9745006561279297,0.9981542825698853,0.9968048930168152,0.9781959056854248
00000253,3,0.97322016954422,0.9980632066726685,0.9971605539321899,0.9768581390380859
00000253,4,0.9691752791404724,0.997839629650116,0.9959661364555359,0.9739614725112915
00000253,5,0.9738239049911499,0.9988368153572083,0.9973836541175842,0.9773085117340088
00000129,0,0.9766281247138977,0.9994447231292725,0.9981611967086792,0.9791150689125061
00000129,1,0.9735299348831177,0.9992948770523071,0.9975914359092712,0.9766968488693237
00000129,2,0.9778925776481628,0.9992525577545166,0.9983464479446411,0.9802876710891724
00000129,3,0.9752525687217712,0.9992119073867798,0.9978289604187012,0.9781457781791687
00000129,4,0.9771048426628113,0.9993930459022522,0.9980702996253967,0.9796556234359741
00000129,5,0.975167989730835,0.9994370937347412,0.9977156519889832,0.9780856370925903
00000173,0,0.9713339805603027,0.9991741180419922,0.9970249533653259,0.9750968217849731
00000173,1,0.9758053421974182,0.9994975924491882,0.9981415867805481,0.9782655239105225
00000173,2,0.9782388806343079,0.9992758631706238,0.9983997344970703,0.9807157516479492
00000173,3,0.9723018407821655,0.9992662668228149,0.9971534609794617,0.9758957624435425
00000173,4,0.9775108098983765,0.999364972114563,0.9983355402946472,0.9799439907073975
00000173,5,0.9761793613433838,0.9995100498199463,0.9980372190475464,0.9787314534187317
00000208,0,0.9771822094917297,0.9995012283325195,0.9982993602752686,0.9794909358024597
00000208,1,0.9764921069145203,0.9995433688163757,0.998317301273346,0.9787381887435913
00000208,2,0.9772828221321106,0.9989596605300903,0.9981184005737305,0.9798176288604736
00000208,3,0.9721554517745972,0.9980071783065796,0.9968999028205872,0.9760369062423706
00000208,4,0.970569372177124,0.9981474280357361,0.996342122554779,0.9749572277069092
00000208,5,0.9728611707687378,0.9993190765380859,0.997247576713562,0.9762848019599915
00000172,0,0.9760258793830872,0.9994362592697144,0.9980463981628418,0.9786378145217896
00000172,1,0.9764834642410278,0.9995412826538086,0.9982995986938477,0.9787496328353882
00000172,2,0.9778017997741699,0.9993630051612854,0.9983357787132263,0.9802204966545105
00000172,3,0.976235568523407,0.9994678497314453,0.9981117248535156,0.9787591099739075
00000172,4,0.973103404045105,0.9990586638450623,0.9972964525222778,0.9767892360687256
00000172,5,0.9705855250358582,0.9992402195930481,0.9967662692070007,0.9745060801506042
00000152,0,0.9773557186126709,0.9994975924491882,0.9983178377151489,0.9796425104141235
00000152,1,0.976269006729126,0.9995030760765076,0.9982462525367737,0.9786166548728943
00000152,2,0.9780809283256531,0.9993115663528442,0.9983931183815002,0.9804536700248718
00000152,3,0.9751691818237305,0.999291181564331,0.9977932572364807,0.9781086444854736
00000152,4,0.9747090935707092,0.9991415739059448,0.9976254105567932,0.9780043363571167
00000152,5,0.9725162386894226,0.9993265867233276,0.9971584677696228,0.976029098033905
00000260,0,0.9720653891563416,0.998317539691925,0.9962875843048096,0.976134717464447
00000260,1,0.9708449840545654,0.9982129335403442,0.9961844086647034,0.9752638339996338
00000260,2,0.9746583700180054,0.9981280565261841,0.9968293309211731,0.9783881902694702
00000260,3,0.9623274803161621,0.9973942041397095,0.9945288896560669,0.9688894748687744
00000260,4,0.9653500914573669,0.997616708278656,0.9950861930847168,0.9711043238639832
00000260,5,0.9725801944732666,0.9986616373062134,0.997111439704895,0.9764081239700317
00000135,0,0.9740680456161499,0.9992918372154236,0.9975878596305847,0.9772316217422485
00000135,1,0.9763137698173523,0.9995166659355164,0.9982380270957947,0.9786568284034729
00000135,2,0.9764550924301147,0.999101459980011,0.9979673624038696,0.9793589115142822
00000135,3,0.9761804342269897,0.9993000626564026,0.9980871081352234,0.9787856936454773
00000135,4,0.976330578327179,0.9991846680641174,0.9979847073554993,0.9792319536209106
00000135,5,0.9735834002494812,0.999364972114563,0.9973609447479248,0.9768862724304199
00000185,0,0.9736019372940063,0.9992924928665161,0.9975147843360901,0.9768339991569519
00000185,1,0.9757986068725586,0.9994447827339172,0.9981451630592346,0.978309154510498
00000185,2,0.9773247241973877,0.9989109635353088,0.9981708526611328,0.9799811840057373
00000185,3,0.9731815457344055,0.9979093670845032,0.9971284866333008,0.9765501022338867
00000185,4,0.9731724858283997,0.9989343881607056,0.9971156716346741,0.9767406582832336
00000185,5,0.9721235036849976,0.9993091821670532,0.9971163868904114,0.975691556930542
00000245,0,0.9734350442886353,0.9984142184257507,0.9965986609458923,0.9771167635917664
00000245,1,0.9694051146507263,0.9981200098991394,0.995867133140564,0.9741997122764587
00000245,2,0.9736931920051575,0.9980068206787109,0.9965774416923523,0.977795422077179
00000245,3,0.9707634449005127,0.9978522062301636,0.9964834451675415,0.9752327799797058
00000245,4,0.9661979675292969,0.997866153717041,0.995278537273407,0.9715520143508911
00000245,5,0.9733009934425354,0.9988558888435364,0.9973127245903015,0.9768908023834229
00000145,0,0.9771791100502014,0.9994939565658569,0.9982860088348389,0.9794971942901611
00000145,1,0.976257860660553,0.9994991421699524,0.9982313513755798,0.9786251187324524
00000145,2,0.9779362082481384,0.9992357492446899,0.9983362555503845,0.980413019657135
00000145,3,0.9756616950035095,0.9993775486946106,0.9979475140571594,0.9783707857131958
00000145,4,0.9743331670761108,0.9993115067481995,0.9974614977836609,0.9775951504707336
00000145,5,0.9738814234733582,0.9993847608566284,0.9974526166915894,0.9770809412002563
00000118,0,0.9758076667785645,0.9993481636047363,0.9979515075683594,0.9785464406013489
00000118,1,0.9757435917854309,0.9994193911552429,0.9980621933937073,0.9783353209495544
00000118,2,0.9774179458618164,0.9990357756614685,0.9981980323791504,0.9801368117332458
00000118,3,0.9736689329147339,0.9990976452827454,0.9974104762077332,0.9770728349685669
00000118,4,0.974580705165863,0.9991450309753418,0.9975161552429199,0.9779007434844971
00000118,5,0.9725528359413147,0.9992683529853821,0.9970153570175171,0.9762446284294128
00000193,0,0.9772471189498901,0.9995090365409851,0.9983178973197937,0.9795301556587219
00000193,1,0.9749211668968201,0.999435544013977,0.9979291558265686,0.977643609046936
00000193,2,0.9768986701965332,0.9989771246910095,0.9980521202087402,0.9795072078704834
00000193,3,0.9642376899719238,0.9974284172058105,0.9949771761894226,0.9700409770011902
00000193,4,0.9750725030899048,0.9986898303031921,0.9974735975265503,0.9781219959259033
00000193,5,0.9770036935806274,0.99952232837677,0.9982037544250488,0.9793623685836792
00000150,0,0.9768939018249512,0.999481737613678,0.9982274174690247,0.9792813658714294
00000150,1,0.9758618474006653,0.9994897246360779,0.99814373254776,0.9783223867416382
00000150,2,0.9777783155441284,0.999272346496582,0.9983251690864563,0.9802270531654358
00000150,3,0.9733421802520752,0.9990965723991394,0.9973215460777283,0.9768548011779785
00000150,4,0.9685803651809692,0.9988446235656738,0.9961217045783997,0.9733805060386658
00000150,5,0.9678753018379211,0.9990661144256592,0.9961130023002625,0.9724780917167664
00000198,0,0.9758071303367615,0.999224841594696,0.9980115294456482,0.9786649346351624
00000198,1,0.9744250774383545,0.9994173645973206,0.9978182911872864,0.9772665500640869
00000198,2,0.9763622283935547,0.998909592628479,0.9979002475738525,0.9791516661643982
00000198,3,0.9735206961631775,0.9978762269020081,0.9972332715988159,0.9770113229751587
00000198,4,0.9730141162872314,0.9985681176185608,0.9969418048858643,0.9766141772270203
00000198,5,0.9754437208175659,0.9994357824325562,0.9978430271148682,0.978223443031311
00000117,0,0.9755445122718811,0.9991677403450012,0.9978620409965515,0.9784957766532898
00000117,1,0.9753995537757874,0.9992832541465759,0.9979470372200012,0.9781690835952759
00000117,2,0.974769651889801,0.9979592561721802,0.9976176023483276,0.9789127111434937
00000117,3,0.9726597666740417,0.9990665316581726,0.9971489906311035,0.9763445258140564
00000117,4,0.9754579067230225,0.9992161393165588,0.9976559281349182,0.9785616993904114
00000117,5,0.9754406213760376,0.999406099319458,0.99774569272995,0.9783477187156677
00000215,0,0.9766257405281067,0.9994897842407227,0.9981754422187805,0.9790619015693665
00000215,1,0.9765105843544006,0.9995603561401367,0.9983084201812744,0.9787482023239136
00000215,2,0.9769335389137268,0.9988317489624023,0.9980373978614807,0.9797040820121765
00000215,3,0.9709995985031128,0.9979692697525024,0.9966111183166504,0.9752209782600403
00000215,4,0.970220685005188,0.9980705380439758,0.996299684047699,0.9747365713119507
00000215,5,0.9769055843353271,0.9994913339614868,0.9981474876403809,0.9793265461921692
00000207,0,0.9755769371986389,0.9994315505027771,0.9979339241981506,0.9782963991165161
00000207,1,0.9743057489395142,0.9993930459022522,0.9977926015853882,0.9771966934204102
00000207,2,0.9774050712585449,0.9989797472953796,0.9981522560119629,0.9798733592033386
00000207,3,0.972543478012085,0.9979846477508545,0.9969823360443115,0.9763650894165039
00000207,4,0.9697303175926208,0.9980280995368958,0.9961697459220886,0.9743810892105103
00000207,5,0.9771159887313843,0.9995167851448059,0.998225212097168,0.9794480204582214
00000200,0,0.9715774655342102,0.999164342880249,0.9970674514770508,0.975317120552063
00000200,1,0.976437509059906,0.9995337128639221,0.9982951879501343,0.9787145853042603
00000200,2,0.977196991443634,0.9989405870437622,0.9980762004852295,0.9798188805580139
00000200,3,0.9733648300170898,0.9979645013809204,0.9971727132797241,0.9769397377967834
00000200,4,0.967326819896698,0.9982078075408936,0.9956101179122925,0.9723364114761353
00000200,5,0.9770197868347168,0.9995077252388,0.9982200264930725,0.9793640375137329
00000251,0,0.9707251787185669,0.9982338547706604,0.996001660823822,0.9751402139663696
00000251,1,0.9721888899803162,0.9983142018318176,0.9964791536331177,0.9762396216392517
00000251,2,0.9736369252204895,0.9981127381324768,0.9965969920158386,0.9775848984718323
00000251,3,0.9729896783828735,0.9980305433273315,0.9971216320991516,0.9767031073570251
00000251,4,0.9733543395996094,0.9979912638664246,0.9969510436058044,0.9770662784576416
00000251,5,0.9665936827659607,0.9984564781188965,0.9957267045974731,0.9718435406684875
00000252,0,0.9736948609352112,0.998418390750885,0.9966501593589783,0.9773292541503906
00000252,1,0.9729204177856445,0.9983528852462769,0.9966380000114441,0.9767850637435913
00000252,2,0.9747712016105652,0.9981245398521423,0.9968551397323608,0.9784773588180542
00000252,3,0.9732159972190857,0.9980668425559998,0.9971737265586853,0.9768446683883667
00000252,4,0.9676465392112732,0.9978857636451721,0.9955767393112183,0.9726707935333252
00000252,5,0.9703219532966614,0.9986398816108704,0.9966034293174744,0.9746925830841064
00000166,0,0.9770261645317078,0.999502420425415,0.9982486367225647,0.9793704748153687
00000166,1,0.9761617183685303,0.9995078444480896,0.9982232451438904,0.9785285592079163
00000166,2,0.9776999354362488,0.9992074966430664,0.9982860088348389,0.9803268313407898
00000166,3,0.9699735045433044,0.9991130232810974,0.9965940713882446,0.9741965532302856
00000166,4,0.9774518609046936,0.9993459582328796,0.9983025193214417,0.9799357652664185
00000166,5,0.9736830592155457,0.9993870854377747,0.9974457621574402,0.9768862724304199
00000140,0,0.9772768020629883,0.9995010495185852,0.998308539390564,0.9795669317245483
00000140,1,0.9762820601463318,0.9995157122612,0.9982410073280334,0.9786226153373718
00000140,2,0.9727752208709717,0.9988922476768494,0.9970521926879883,0.9767282009124756
00000140,3,0.967066764831543,0.9985449314117432,0.9957484006881714,0.9723816514015198
00000140,4,0.974502444267273,0.9991136789321899,0.9975647926330566,0.977871835231781
00000140,5,0.9753571152687073,0.9994547367095947,0.9977914690971375,0.9781878590583801
00000254,0,0.9732971787452698,0.9984055757522583,0.996559202671051,0.977031409740448
00000254,1,0.9699509739875793,0.9981613755226135,0.9959887266159058,0.9745981097221375
00000254,2,0.9739712476730347,0.9981498122215271,0.9966787099838257,0.9778002500534058
00000254,3,0.9719678163528442,0.9979974031448364,0.9968493580818176,0.9759687185287476
00000254,4,0.9606937766075134,0.9975332617759705,0.993951678276062,0.9673568606376648
00000254,5,0.9625844955444336,0.9982138872146606,0.9948794841766357,0.9686746597290039
00000119,0,0.9763621091842651,0.999419093132019,0.9980897903442383,0.9789233803749084
00000119,1,0.9758613705635071,0.9994636178016663,0.9980934858322144,0.9783808588981628
00000119,2,0.9775221943855286,0.99912428855896,0.9982059597969055,0.9801492094993591
00000119,3,0.9743973612785339,0.9991330504417419,0.9975908994674683,0.9775853753089905
00000119,4,0.977135419845581,0.9992926120758057,0.9981026649475098,0.9797433614730835
00000119,5,0.9759050607681274,0.9994491338729858,0.9978567361831665,0.9786626100540161
00000222,0,0.9772675633430481,0.9994934797286987,0.9983165860176086,0.9795685410499573
00000222,1,0.9762911200523376,0.9995471835136414,0.9982641935348511,0.9785848259925842
00000222,2,0.9769408106803894,0.9989352822303772,0.998038113117218,0.9795796275138855
00000222,3,0.9733943343162537,0.9980305433273315,0.9972111582756042,0.9770042896270752
00000222,4,0.9704967737197876,0.9982647895812988,0.9963686466217041,0.974757969379425
00000222,5,0.9744724631309509,0.9993377327919006,0.99761563539505,0.9775019288063049
00000168,0,0.9758844971656799,0.9994458556175232,0.9980084896087646,0.9785087704658508
00000168,1,0.9757035970687866,0.9994879364967346,0.9981215596199036,0.9781851768493652
00000168,2,0.9752086400985718,0.998999297618866,0.9976615905761719,0.9786242842674255
00000168,3,0.9764509201049805,0.9994444847106934,0.9981655478477478,0.9789350628852844
00000168,4,0.9760785698890686,0.9994328618049622,0.9979236125946045,0.9788205623626709
00000168,5,0.9740127921104431,0.9994106888771057,0.9975261688232422,0.977123498916626
00000120,0,0.9749675393104553,0.9993054866790771,0.997755229473114,0.9779492616653442
00000120,1,0.9759039282798767,0.9994217157363892,0.9981244802474976,0.9784409403800964
00000120,2,0.9777251482009888,0.9991722106933594,0.9982837438583374,0.9802662134170532
00000120,3,0.9754766821861267,0.9991205930709839,0.9979189038276672,0.9784532189369202
00000120,4,0.9761383533477783,0.9993061423301697,0.9978359341621399,0.9789767265319824
00000120,5,0.9743594527244568,0.9993607997894287,0.9974518418312073,0.977579653263092
00000234,0,0.9730785489082336,0.9983958005905151,0.9965140223503113,0.9768663644790649
00000234,1,0.9693521857261658,0.9981093406677246,0.9958672523498535,0.9741512537002563
00000234,2,0.9727779626846313,0.9979705810546875,0.9963478446006775,0.9771058559417725
00000234,3,0.9701976180076599,0.9978033304214478,0.9963759183883667,0.9748306274414062
00000234,4,0.9581642746925354,0.9976335763931274,0.9934049248695374,0.9652745127677917
00000234,5,0.9559388756752014,0.9979328513145447,0.9934470653533936,0.9632997512817383
00000192,0,0.9720248579978943,0.9989905953407288,0.9971896409988403,0.9758392572402954
00000192,1,0.9761530756950378,0.9995050430297852,0.9982203841209412,0.9785319566726685
00000192,2,0.9772836565971375,0.9989902377128601,0.9981430768966675,0.9798036813735962
00000192,3,0.9662715196609497,0.9975334405899048,0.9954699873924255,0.9715558886528015
00000192,4,0.9741805195808411,0.9985803365707397,0.9973077774047852,0.9775670170783997
00000192,5,0.9772621393203735,0.999534010887146,0.9982698559761047,0.9795496463775635
00000184,0,0.9768028259277344,0.9995023012161255,0.9982126951217651,0.979191780090332
00000184,1,0.9764063358306885,0.9995221495628357,0.998288631439209,0.9787036180496216
00000184,2,0.9755646586418152,0.9988617300987244,0.9977369904518127,0.9787036180496216
00000184,3,0.9724181890487671,0.9978773593902588,0.9969452619552612,0.9760544300079346
00000184,4,0.9764450192451477,0.999015748500824,0.9979813694953918,0.9792631268501282
00000184,5,0.9775117635726929,0.9995768666267395,0.9983622431755066,0.979691743850708
00000136,0,0.9771556854248047,0.9994890093803406,0.9982781410217285,0.9794887900352478
00000136,1,0.9752810001373291,0.999427080154419,0.9980097413063049,0.9779297113418579
00000136,2,0.9772447943687439,0.9990937113761902,0.9981805682182312,0.9799652695655823
00000136,3,0.9736441373825073,0.9992159008979797,0.9974650144577026,0.9769445061683655
00000136,4,0.975953221321106,0.9991843104362488,0.9978665709495544,0.9789402484893799
00000136,5,0.9735952615737915,0.9993599057197571,0.9973649382591248,0.9769007563591003
00000148,0,0.9773154854774475,0.9995071291923523,0.998313307762146,0.9795966744422913
00000148,1,0.9757665395736694,0.9994597434997559,0.9981213212013245,0.9782775640487671
00000148,2,0.9780978560447693,0.9993186593055725,0.9983989596366882,0.98044353723526
00000148,3,0.9737529158592224,0.9992443919181824,0.9974639415740967,0.9770451784133911
00000148,4,0.9771332740783691,0.9992877244949341,0.9981682300567627,0.9797391295433044
00000148,5,0.976334273815155,0.9995155334472656,0.9980425834655762,0.9788696765899658
00000127,0,0.9764339923858643,0.9994287490844727,0.9980956315994263,0.9790025353431702
00000127,1,0.9760956764221191,0.9994899034500122,0.9981817007064819,0.978523850440979
00000127,2,0.9779709577560425,0.9992793798446655,0.9983538389205933,0.9803429245948792
00000127,3,0.975953996181488,0.9992809295654297,0.9980252385139465,0.9786368012428284
00000127,4,0.9767199754714966,0.999366819858551,0.9979872703552246,0.9793623685836792
00000127,5,0.9730141162872314,0.9993297457695007,0.997192919254303,0.9765004515647888
00000189,0,0.974453866481781,0.9993398785591125,0.9976950883865356,0.97748202085495
00000189,1,0.9760074615478516,0.9995062947273254,0.9981881976127625,0.9784150123596191
00000189,2,0.9773992896080017,0.9990288019180298,0.9981884360313416,0.9798652529716492
00000189,3,0.9697319269180298,0.9975992441177368,0.9962833523750305,0.9742114543914795
00000189,4,0.9709407091140747,0.9984962344169617,0.9966001510620117,0.9752427935600281
00000189,5,0.9765267372131348,0.9995162487030029,0.9981151223182678,0.9789926409721375
00000206,0,0.9768779873847961,0.9994665384292603,0.9982298612594604,0.9792886972427368
00000206,1,0.9764416813850403,0.9995276927947998,0.9982877373695374,0.9787331223487854
00000206,2,0.9771063923835754,0.9989233016967773,0.9980422258377075,0.9797598719596863
00000206,3,0.9733942747116089,0.9980279207229614,0.9971972703933716,0.9769574403762817
00000206,4,0.9651318192481995,0.9979788661003113,0.9950721263885498,0.9707425832748413
00000206,5,0.9681416153907776,0.9990563988685608,0.9961653351783752,0.9726915955543518
00000113,0,0.974596381187439,0.999320924282074,0.9976872205734253,0.9775790572166443
00000113,1,0.9756045341491699,0.9994218349456787,0.9980220794677734,0.9781851172447205
00000113,2,0.977096438407898,0.9990626573562622,0.9980891942977905,0.9798300862312317
00000113,3,0.9748321771621704,0.9990668892860413,0.9976798892021179,0.9779521822929382
00000113,4,0.977029025554657,0.9993414282798767,0.9980639815330505,0.9796186089515686
00000113,5,0.9742268919944763,0.999321699142456,0.9974094033241272,0.9775239825248718
00000164,0,0.9771693348884583,0.999481737613678,0.9982901215553284,0.9794949889183044
00000164,1,0.9759726524353027,0.9994981288909912,0.9981693625450134,0.9783974289894104
00000164,2,0.9778144955635071,0.9993329048156738,0.9983135461807251,0.9802693724632263
00000164,3,0.9726064205169678,0.9992649555206299,0.997229814529419,0.976115882396698
00000164,4,0.9771575927734375,0.9992127418518066,0.9982568025588989,0.9798158407211304
00000164,5,0.976592481136322,0.9995289444923401,0.9981263875961304,0.9790370464324951
00000169,0,0.974179208278656,0.9990663528442383,0.9976617097854614,0.977499783039093
00000169,1,0.9749034643173218,0.9994275569915771,0.9979197382926941,0.9776340126991272
00000169,2,0.9779276251792908,0.999335527420044,0.9983704090118408,0.9803022742271423
00000169,3,0.9754926562309265,0.9993324875831604,0.9979367256164551,0.978302001953125
00000169,4,0.9721630811691284,0.9990363717079163,0.9970649480819702,0.9760670065879822
00000169,5,0.9683420658111572,0.9991047978401184,0.9962376952171326,0.9728041887283325
00000224,0,0.9769518971443176,0.9994723200798035,0.9982388615608215,0.9793469309806824
00000224,1,0.9751091599464417,0.9994560480117798,0.9979844689369202,0.9777592420578003
00000224,2,0.9770965576171875,0.9989178776741028,0.9980874061584473,0.9797127842903137
00000224,3,0.971217155456543,0.9979466199874878,0.9966387748718262,0.9754433035850525
00000224,4,0.9717856049537659,0.9984079003334045,0.9966408014297485,0.9756764769554138
00000224,5,0.9688720703125,0.999055802822113,0.9963812232017517,0.9732392430305481
00000229,0,0.9765444993972778,0.9994686245918274,0.998150110244751,0.9790278077125549
00000229,1,0.9750375747680664,0.9994426965713501,0.9979637265205383,0.9777212142944336
00000229,2,0.9772863388061523,0.9989622831344604,0.998119056224823,0.9798349738121033
00000229,3,0.9717046618461609,0.9979661107063293,0.9967852234840393,0.9757865071296692
00000229,4,0.9652009606361389,0.9980823993682861,0.9950662851333618,0.9706661701202393
00000229,5,0.9662061333656311,0.9988694787025452,0.9957515001296997,0.9712103009223938
00000228,0,0.9772579073905945,0.9995090365409851,0.998315155506134,0.9795446395874023
00000228,1,0.9748879671096802,0.9994145035743713,0.9979183673858643,0.977641761302948
00000228,2,0.9722574353218079,0.9984737038612366,0.9968641996383667,0.9764568209648132
00000228,3,0.9728947281837463,0.9979531168937683,0.9970847964286804,0.9767258167266846
00000228,4,0.9599830508232117,0.9976751804351807,0.9938402771949768,0.9667220711708069
00000228,5,0.9712060689926147,0.9991414546966553,0.996863603591919,0.9750590920448303
00000153,0,0.9766561985015869,0.9994634985923767,0.9981791377067566,0.9791082739830017
00000153,1,0.9763582348823547,0.9995158314704895,0.9982607364654541,0.9786819815635681
00000153,2,0.978020966053009,0.9993093013763428,0.9983812570571899,0.9803953170776367
00000153,3,0.9717680811882019,0.9992153644561768,0.9970227479934692,0.9755206108093262
00000153,4,0.9743849635124207,0.9993446469306946,0.997507631778717,0.9775843024253845
00000153,5,0.9701517820358276,0.9991793036460876,0.9966334700584412,0.9742446541786194
00000194,0,0.9769418239593506,0.999474823474884,0.9982430934906006,0.9793309569358826
00000194,1,0.9754518270492554,0.9994884729385376,0.9980656504631042,0.9779921174049377
00000194,2,0.9769821166992188,0.9989789724349976,0.9980658888816833,0.9795700311660767
00000194,3,0.9691646695137024,0.9976896047592163,0.9961577653884888,0.9737399816513062
00000194,4,0.9738768339157104,0.9985982775688171,0.9971681833267212,0.9772198796272278
00000194,5,0.9770990014076233,0.9995129108428955,0.9982287287712097,0.9794319272041321
00000170,0,0.9766149520874023,0.9994725584983826,0.9981735944747925,0.9790712594985962
00000170,1,0.9754652976989746,0.9994884729385376,0.9980636835098267,0.978007972240448
00000170,2,0.9758250713348389,0.9990569353103638,0.9978349804878235,0.9790241122245789
00000170,3,0.9750223159790039,0.9994018077850342,0.9978072643280029,0.9778875708580017
00000170,4,0.9724329710006714,0.9993228912353516,0.9970553517341614,0.9760393500328064
00000170,5,0.9710835814476013,0.9992627501487732,0.99687659740448,0.9748941659927368
00000209,0,0.975356936454773,0.9994181990623474,0.997886598110199,0.9781326055526733
00000209,1,0.9760980010032654,0.9995149374008179,0.9982048869132996,0.9784811735153198
00000209,2,0.9771438241004944,0.9989322423934937,0.9980903267860413,0.9797259569168091
00000209,3,0.9732801914215088,0.9980382323265076,0.9971667528152466,0.9768795371055603
00000209,4,0.9682338833808899,0.9982744455337524,0.9957842826843262,0.9730064868927002
00000209,5,0.9716074466705322,0.9992587566375732,0.9969643950462341,0.975339412689209
00000203,0,0.9767733812332153,0.9994767904281616,0.9981969594955444,0.9792043566703796
00000203,1,0.976306676864624,0.9994999766349792,0.9982637763023376,0.9786484241485596
00000203,2,0.9773392677307129,0.998966634273529,0.9981387257575989,0.9798397421836853
00000203,3,0.9700027108192444,0.9978444576263428,0.9963725805282593,0.9744880199432373
00000203,4,0.970156729221344,0.9982583522796631,0.9962098598480225,0.9745185375213623
00000203,5,0.9724751114845276,0.9992812275886536,0.997144877910614,0.9760153293609619
00000223,0,0.9772844910621643,0.999505877494812,0.9983247518539429,0.9795646667480469
00000223,1,0.9728432297706604,0.9992861747741699,0.9974460601806641,0.976154088973999
00000223,2,0.9746212959289551,0.9987260103225708,0.9974299073219299,0.9780547618865967
00000223,3,0.9734855890274048,0.9980781078338623,0.9972354173660278,0.9770271182060242
00000223,4,0.9689146280288696,0.9981988668441772,0.9959931969642639,0.9735665321350098
00000223,5,0.9721165895462036,0.9992225766181946,0.9970992207527161,0.9757201671600342
00000225,0,0.9758800268173218,0.9994297027587891,0.9980045557022095,0.9785377383232117
00000225,1,0.9760607481002808,0.9995262622833252,0.9982116222381592,0.9784247279167175
00000225,2,0.9766983389854431,0.9989312291145325,0.9979750514030457,0.9794048070907593
00000225,3,0.9721309542655945,0.997977614402771,0.9968624711036682,0.9761242866516113
00000225,4,0.9638880491256714,0.9979737401008606,0.9948027729988098,0.969748854637146
00000225,5,0.9680758714675903,0.9990079402923584,0.9961956739425659,0.9726283550262451
00000221,0,0.9769269227981567,0.9995033740997314,0.9982398152351379,0.9792894721031189
00000221,1,0.976469874382019,0.9995589852333069,0.9982945919036865,0.9787233471870422
00000221,2,0.9773329496383667,0.9989222884178162,0.9981071949005127,0.9799473881721497
00000221,3,0.9703208804130554,0.9979525804519653,0.9964571595191956,0.9747117161750793
00000221,4,0.9714998006820679,0.9982191324234009,0.9966040253639221,0.9756149649620056
00000221,5,0.9734640717506409,0.9993003606796265,0.9973762035369873,0.9767504930496216
00000226,0,0.9770216345787048,0.9995032548904419,0.9982661008834839,0.9793599247932434
00000226,1,0.9754447937011719,0.9994799494743347,0.9980592131614685,0.9780004024505615
00000226,2,0.9759810566902161,0.998888373374939,0.9977914690971375,0.9789114594459534
00000226,3,0.9730833768844604,0.998033881187439,0.9971261024475098,0.9767749905586243
00000226,4,0.9654054045677185,0.9980216026306152,0.9951801300048828,0.9709371328353882
00000226,5,0.9737486243247986,0.99929279088974,0.9974528551101685,0.9769526720046997
00000235,0,0.9723118543624878,0.9983299970626831,0.9963496923446655,0.9763105511665344
00000235,1,0.970333993434906,0.9981729388237,0.9960753917694092,0.9748871922492981
00000235,2,0.9712157845497131,0.9979245066642761,0.995993435382843,0.9758833646774292
00000235,3,0.9714453816413879,0.9979386925697327,0.9966950416564941,0.9756476283073425
00000235,4,0.9651362299919128,0.9979783296585083,0.9949890375137329,0.9707225561141968
00000235,5,0.9703124761581421,0.9987678527832031,0.9966521263122559,0.9746428728103638
00000156,0,0.9773242473602295,0.9995058178901672,0.9983164072036743,0.9796040058135986
00000156,1,0.97271728515625,0.9992419481277466,0.9974138736724854,0.9760940074920654
00000156,2,0.9774471521377563,0.9992747902870178,0.9982390403747559,0.9800000786781311
00000156,3,0.9695261120796204,0.9990516901016235,0.9964802265167236,0.9739108681678772
00000156,4,0.976188063621521,0.9992214441299438,0.998002290725708,0.9790743589401245
00000156,5,0.9741902351379395,0.9994012713432312,0.9975404739379883,0.9772970080375671
00000244,0,0.9692020416259766,0.9981878995895386,0.9956730604171753,0.9739471077919006
00000244,1,0.9639419317245483,0.9977144002914429,0.9946803450584412,0.9701206684112549
00000244,2,0.9712312817573547,0.9979581236839294,0.9960145354270935,0.9758492708206177
00000244,3,0.9641626477241516,0.9974088668823242,0.9948537945747375,0.9704825282096863
00000244,4,0.9622274041175842,0.997715950012207,0.994331955909729,0.9684703350067139
00000244,5,0.9647342562675476,0.9984166026115417,0.9954020977020264,0.97032630443573
00000139,0,0.9773115515708923,0.9995133876800537,0.9983132481575012,0.9795858263969421
00000139,1,0.9764053821563721,0.999528706073761,0.9982727766036987,0.9787044525146484
00000139,2,0.9768021702766418,0.9991936087608337,0.9980848431587219,0.9795282483100891
00000139,3,0.9738170504570007,0.9990877509117126,0.9974408149719238,0.9771976470947266
00000139,4,0.9757214784622192,0.9991229772567749,0.9978455305099487,0.9788191318511963
00000139,5,0.9715368151664734,0.9992650747299194,0.9968902468681335,0.9753361344337463
00000174,0,0.9766209125518799,0.9994924068450928,0.9981727600097656,0.9790577292442322
00000174,1,0.9748117923736572,0.9994176030158997,0.9979075789451599,0.9775707125663757
00000174,2,0.9781882762908936,0.9993441700935364,0.9983847141265869,0.9806079864501953
00000174,3,0.9747865200042725,0.9994075894355774,0.9977490305900574,0.9777083396911621
00000174,4,0.9780388474464417,0.9994486570358276,0.9984415173530579,0.9802889823913574
00000174,5,0.9757296442985535,0.9995020627975464,0.9979420304298401,0.9783807396888733
00000134,0,0.976585865020752,0.9994584918022156,0.9981545805931091,0.9790664315223694
00000134,1,0.9738733768463135,0.9993136525154114,0.9976791143417358,0.9769414067268372
00000134,2,0.9778293967247009,0.9991573691368103,0.9983115196228027,0.9803771376609802
00000134,3,0.9747767448425293,0.9990957975387573,0.9977467060089111,0.9779029488563538
00000134,4,0.9772396087646484,0.9993161559104919,0.9981790781021118,0.9798046350479126
00000134,5,0.9768565893173218,0.9995171427726746,0.9981382489204407,0.9793012142181396
00000232,0,0.9722440242767334,0.9982993006706238,0.9963359832763672,0.9762871265411377
00000232,1,0.9722982048988342,0.9983085989952087,0.9965111017227173,0.9763136506080627
00000232,2,0.9739270806312561,0.9981182813644409,0.9966555237770081,0.9777843952178955
00000232,3,0.9727415442466736,0.9979778528213501,0.9970139861106873,0.9765948057174683
00000232,4,0.9629074931144714,0.9978843331336975,0.9945510625839233,0.9690104126930237
00000232,5,0.9671997427940369,0.9986264109611511,0.9959620237350464,0.9722373485565186
00000177,0,0.9774457812309265,0.9995244741439819,0.9983580112457275,0.9796743392944336
00000177,1,0.9754437804222107,0.999467134475708,0.9980546832084656,0.9780166149139404
00000177,2,0.9782431721687317,0.9993022680282593,0.9984186887741089,0.9806590676307678
00000177,3,0.9766902923583984,0.999336302280426,0.998249351978302,0.9792159795761108
00000177,4,0.9765380024909973,0.9994938969612122,0.9980400204658508,0.9791106581687927
00000177,5,0.9734273552894592,0.9993814826011658,0.9974045157432556,0.976673424243927
00000212,0,0.9735366106033325,0.9992735981941223,0.9974913597106934,0.9768095016479492
00000212,1,0.9763845205307007,0.9995331764221191,0.9982731342315674,0.9786838889122009
00000212,2,0.9762921929359436,0.998916506767273,0.9978913068771362,0.9790840744972229
00000212,3,0.9730227589607239,0.9979747533798218,0.9971072673797607,0.9767393469810486
00000212,4,0.9730960130691528,0.9984604120254517,0.9969465136528015,0.9766533374786377
00000212,5,0.9770398139953613,0.9995089769363403,0.9982125759124756,0.9794069528579712
00000220,0,0.9761534333229065,0.999455451965332,0.9980655908584595,0.9787280559539795
00000220,1,0.9759116172790527,0.9994974136352539,0.9981572031974792,0.9783576130867004
00000220,2,0.9740116596221924,0.9987752437591553,0.9973202347755432,0.9774764776229858
00000220,3,0.9727497696876526,0.998001754283905,0.9970355033874512,0.9765462279319763
00000220,4,0.9671558141708374,0.9981456995010376,0.9955202341079712,0.9722479581832886
00000220,5,0.9722978472709656,0.9992428421974182,0.9971078634262085,0.9758790135383606
00000204,0,0.977003812789917,0.9995140433311462,0.9982630610466003,0.9793334603309631
00000204,1,0.9765627384185791,0.9995700716972351,0.9983236789703369,0.9787765145301819
00000204,2,0.9773176908493042,0.9989151358604431,0.9981037974357605,0.9799350500106812
00000204,3,0.9727952480316162,0.9980012774467468,0.9970225691795349,0.9765309691429138
00000204,4,0.9718627333641052,0.9982424974441528,0.9966776967048645,0.9758198261260986
00000204,5,0.9755335450172424,0.9994330406188965,0.9978578090667725,0.9782806038856506
00000240,0,0.9733937978744507,0.9984102845191956,0.9965860843658447,0.9770978093147278
00000240,1,0.9615470767021179,0.997465968132019,0.9941617846488953,0.9684117436408997
00000240,2,0.9702531099319458,0.9978595972061157,0.9957444071769714,0.9752204418182373
00000240,3,0.9661456942558289,0.9975779056549072,0.9954013824462891,0.9718647003173828
00000240,4,0.9650862812995911,0.9978365302085876,0.995019793510437,0.9707300066947937
00000240,5,0.9717554450035095,0.9988028407096863,0.9969355463981628,0.9757672548294067
00000247,0,0.9737492203712463,0.9984285831451416,0.9966645240783691,0.9773568511009216
00000247,1,0.9717742800712585,0.9982937574386597,0.9963873028755188,0.975925087928772
00000247,2,0.9741747379302979,0.9981263279914856,0.9967342615127563,0.9779613018035889
00000247,3,0.9720603823661804,0.9979758858680725,0.9968456625938416,0.9760915040969849
00000247,4,0.9656686186790466,0.9978030920028687,0.9951155185699463,0.9712091684341431
00000247,5,0.9699418544769287,0.9986702799797058,0.9965587854385376,0.9743611216545105
00000167,0,0.9762370586395264,0.9994531273841858,0.9980863332748413,0.978785514831543
00000167,1,0.9765161871910095,0.9995521903038025,0.9983090162277222,0.978752851486206
00000167,2,0.9780541658401489,0.9992982745170593,0.9983726143836975,0.980502188205719
00000167,3,0.9740262627601624,0.9992727041244507,0.9975961446762085,0.9772144556045532
00000167,4,0.9779484272003174,0.9994543790817261,0.9983952641487122,0.9802289605140686
00000167,5,0.9764025807380676,0.9995279312133789,0.9980828762054443,0.9788884520530701
00000197,0,0.9734644889831543,0.9992871880531311,0.997478187084198,0.9767334461212158
00000197,1,0.97572261095047,0.9994878768920898,0.998116672039032,0.9782165884971619
00000197,2,0.9772475957870483,0.9989837408065796,0.9981140494346619,0.9797767996788025
00000197,3,0.9732280969619751,0.9978920817375183,0.9971532821655273,0.9767568111419678
00000197,4,0.9714999198913574,0.9983984231948853,0.996569812297821,0.975527286529541
00000197,5,0.9768328070640564,0.9994939565658569,0.9981666207313538,0.9792368412017822
00000201,0,0.9748081564903259,0.9993445873260498,0.997771143913269,0.9777635931968689
00000201,1,0.9765403270721436,0.999534547328949,0.9983081221580505,0.9788053035736084
00000201,2,0.9773678779602051,0.9989046454429626,0.9981319904327393,0.9799574017524719
00000201,3,0.973228394985199,0.9979555010795593,0.9971361756324768,0.9768598079681396
00000201,4,0.9680309891700745,0.9982211589813232,0.9957349300384521,0.9728496074676514
00000201,5,0.9723631739616394,0.9992682337760925,0.9971192479133606,0.9759305715560913
00000151,0,0.9757297039031982,0.9994311928749084,0.997968316078186,0.9784088134765625
00000151,1,0.9759193658828735,0.9994994401931763,0.9981488585472107,0.9783644676208496
00000151,2,0.9743823409080505,0.9990558624267578,0.9974800944328308,0.977846622467041
00000151,3,0.9736112356185913,0.9991357922554016,0.9974091053009033,0.9769971966743469
00000151,4,0.9709284901618958,0.9989178776741028,0.9967430830001831,0.975210428237915
00000151,5,0.9755370616912842,0.999470055103302,0.9978652000427246,0.9782837629318237
00000171,0,0.9773942828178406,0.9994997978210449,0.9983496069908142,0.9796571731567383
00000171,1,0.9765030145645142,0.9995440244674683,0.9983174800872803,0.9787487387657166
00000171,2,0.9777939915657043,0.9993588924407959,0.9983304142951965,0.9802164435386658
00000171,3,0.9737952351570129,0.9993314743041992,0.9975072145462036,0.9770129919052124
00000171,4,0.9730604290962219,0.9993398189544678,0.9972010850906372,0.9765270352363586
00000171,5,0.9715636372566223,0.9992896318435669,0.9969878792762756,0.9752582311630249
00000159,0,0.9774277210235596,0.9995166063308716,0.998339056968689,0.9796725511550903
00000159,1,0.9728884696960449,0.9992755055427551,0.9974477887153625,0.9762014746665955
00000159,2,0.9780246019363403,0.999237060546875,0.9983654618263245,0.9805532097816467
00000159,3,0.9708467125892639,0.999163031578064,0.9967777729034424,0.9748724699020386
00000159,4,0.9742758274078369,0.999371349811554,0.9975153207778931,0.9774507880210876
00000159,5,0.9709262251853943,0.9992414116859436,0.9968035221099854,0.9748174548149109
00000131,0,0.9760993123054504,0.9994312524795532,0.9980456233024597,0.9787097573280334
00000131,1,0.9760458469390869,0.9994882345199585,0.9981802701950073,0.9784713983535767
00000131,2,0.9777714610099792,0.9991394877433777,0.9983001351356506,0.9803236126899719
00000131,3,0.9740725159645081,0.9989675879478455,0.9975342154502869,0.977506160736084
00000131,4,0.9770767092704773,0.999267041683197,0.998123049736023,0.9797115325927734
00000131,5,0.9760352969169617,0.9994792938232422,0.9979360699653625,0.9787065982818604
00000214,0,0.9757035374641418,0.9994060397148132,0.9979680776596069,0.9784178733825684
00000214,1,0.9759463667869568,0.9995113611221313,0.9981706738471985,0.9783657193183899
00000214,2,0.9769401550292969,0.9989475607872009,0.9980379343032837,0.9795661568641663
00000214,3,0.9733850955963135,0.9978876113891602,0.9972211122512817,0.9771146178245544
00000214,4,0.9724575281143188,0.998394787311554,0.9967858791351318,0.9761648774147034
00000214,5,0.9738319516181946,0.9993432760238647,0.997433602809906,0.977061927318573
