#file_name, index, ssim, lxy, cxy, sxy
11,0,1.0,1.0,1.0,1.0
11,1,1.0,1.0,1.0,1.0
11,2,1.0,1.0,1.0,1.0
11,3,1.0,1.0,1.0,1.0
11,4,1.0,1.0,1.0,1.0
11,5,1.0,1.0,1.0,1.0
13,0,0.919007420539856,0.9956832528114319,0.9858454465866089,0.9291764497756958
13,1,0.9156033992767334,0.996066153049469,0.9851414561271667,0.9258346557617188
13,2,0.917938232421875,0.9969485998153687,0.9872882962226868,0.9268485903739929
13,3,0.8998613953590393,0.9939409494400024,0.9840745329856873,0.9119587540626526
13,4,0.8942130208015442,0.9935982823371887,0.9839625954627991,0.9064134955406189
13,5,0.8971995115280151,0.9928299188613892,0.9831526875495911,0.9101941585540771
12,0,0.8807928562164307,0.9901282787322998,0.9703395366668701,0.8978738188743591
12,1,0.8815463185310364,0.9921825528144836,0.9711802005767822,0.8973560929298401
12,2,0.8869639039039612,0.9946624040603638,0.9769840836524963,0.899846613407135
12,3,0.8767751455307007,0.9911472201347351,0.9751535654067993,0.89400315284729
12,4,0.8617579936981201,0.9903167486190796,0.9722632169723511,0.8792874813079834
12,5,0.8610138297080994,0.9893555045127869,0.9717703461647034,0.8787743449211121
19,0,0.8881534337997437,0.9921877384185791,0.974748969078064,0.9030443429946899
19,1,0.8992087244987488,0.9951938390731812,0.9799333810806274,0.9105961918830872
19,2,0.903475821018219,0.9963229894638062,0.9838789105415344,0.913018524646759
19,3,0.8917936682701111,0.9917008876800537,0.9812034368515015,0.9063385128974915
19,4,0.8694431185722351,0.9911949634552002,0.978092610836029,0.8843783736228943
19,5,0.8687789440155029,0.9887750148773193,0.9752371311187744,0.885818600654602
05,0,0.9080613851547241,0.9954468607902527,0.9847239255905151,0.9190298914909363
05,1,0.9124463796615601,0.9956269860267639,0.9840547442436218,0.9231320023536682
05,2,0.9154874682426453,0.9966453909873962,0.9882063865661621,0.9240716695785522
05,3,0.8853154182434082,0.9933343529701233,0.9836758971214294,0.8973077535629272
05,4,0.9014415144920349,0.9929719567298889,0.9841643571853638,0.9132049679756165
05,5,0.8763390779495239,0.9909688830375671,0.9786096811294556,0.8912671804428101
14,0,0.9447832107543945,0.9978386759757996,0.9933947920799255,0.9515818953514099
14,1,0.9496749639511108,0.998039186000824,0.9934898018836975,0.9562366604804993
14,2,0.948130190372467,0.9981099963188171,0.9938838481903076,0.9542134404182434
14,3,0.9198761582374573,0.9942014813423157,0.9908647537231445,0.9300371408462524
14,4,0.936717689037323,0.995780348777771,0.9915061593055725,0.9451361894607544
14,5,0.9340777397155762,0.9950252771377563,0.9904797673225403,0.9436302185058594
16,0,0.9266061186790466,0.9969403147697449,0.9900569319725037,0.9347850680351257
16,1,0.9314048886299133,0.9970694780349731,0.989425003528595,0.9398448467254639
16,2,0.9339229464530945,0.9975937604904175,0.9917787909507751,0.9408953785896301
16,3,0.8972108960151672,0.9942184686660767,0.9868021011352539,0.9080567359924316
16,4,0.9177796840667725,0.9937386512756348,0.9873800873756409,0.9288952350616455
16,5,0.9100360870361328,0.991795539855957,0.9852994084358215,0.9226315021514893
10,0,0.8724565505981445,0.987766444683075,0.9644779562950134,0.8936399221420288
10,1,0.873176634311676,0.9904651045799255,0.9672215580940247,0.8913727402687073
10,2,0.8829241394996643,0.9935933351516724,0.9736719727516174,0.8973591327667236
10,3,0.8747894167900085,0.9911787509918213,0.9746679067611694,0.8914616703987122
10,4,0.8572341799736023,0.9893509745597839,0.96952885389328,0.876045286655426
10,5,0.844627857208252,0.9865649938583374,0.9635709524154663,0.866305947303772
03,0,0.8823677897453308,0.9899308085441589,0.9727247953414917,0.899694561958313
03,1,0.8888238072395325,0.9916848540306091,0.975655198097229,0.9050312042236328
03,2,0.8770499229431152,0.9926907420158386,0.9756295680999756,0.892885148525238
03,3,0.8858230113983154,0.9901669025421143,0.9768945574760437,0.9028726816177368
03,4,0.8596288561820984,0.9885680675506592,0.9736415147781372,0.8770004510879517
03,5,0.8541511297225952,0.9855585098266602,0.9688319563865662,0.8758550882339478
04,0,0.8924731612205505,0.9919655323028564,0.9769130349159241,0.9070565104484558
04,1,0.9037083387374878,0.9942009449005127,0.9812657833099365,0.916728675365448
04,2,0.8965991139411926,0.9940779209136963,0.979235827922821,0.9102853536605835
04,3,0.8947132229804993,0.9905424118041992,0.9788787961006165,0.9101054072380066
04,4,0.8675955533981323,0.9894291758537292,0.9759155511856079,0.8833812475204468
04,5,0.872606098651886,0.9879855513572693,0.9733000993728638,0.8916213512420654
18,0,0.9311875700950623,0.9966869354248047,0.9888976216316223,0.9403388500213623
18,1,0.9369468092918396,0.9979351758956909,0.9908912777900696,0.9445503354072571
18,2,0.9379633069038391,0.9982224106788635,0.9931838512420654,0.9440487623214722
18,3,0.9345382452011108,0.9934958815574646,0.9897902011871338,0.945074737071991
18,4,0.9269987940788269,0.9942827224731445,0.9888420701026917,0.9368390440940857
18,5,0.9205911159515381,0.9928622841835022,0.9877482652664185,0.9317096471786499
07,0,0.9245860576629639,0.9960198402404785,0.9881141185760498,0.9340595602989197
07,1,0.9234412908554077,0.9962080121040344,0.9871867895126343,0.9333053827285767
07,2,0.9323620796203613,0.9963781833648682,0.9895135164260864,0.9410860538482666
07,3,0.8993964791297913,0.9936341047286987,0.9849229454994202,0.9108464121818542
07,4,0.9137991070747375,0.9939152598381042,0.9864839911460876,0.9250419735908508
07,5,0.9171801209449768,0.9921820163726807,0.9851324558258057,0.9307219982147217
06,0,0.9076927900314331,0.9942835569381714,0.9838812947273254,0.9192068576812744
06,1,0.9054943323135376,0.9948241710662842,0.9840959310531616,0.9165075421333313
06,2,0.8984972834587097,0.9957535862922668,0.986189603805542,0.9084196090698242
06,3,0.885831356048584,0.9922375082969666,0.9799560308456421,0.9002690315246582
06,4,0.8737468123435974,0.9919495582580566,0.9814780354499817,0.8868440389633179
06,5,0.8757301568984985,0.9913989901542664,0.9809929132461548,0.8899976015090942
02,0,0.8793843388557434,0.9894246459007263,0.9704744219779968,0.8974296450614929
02,1,0.8811461329460144,0.9920153617858887,0.9743091464042664,0.8972258567810059
02,2,0.8841864466667175,0.9932405948638916,0.9765728116035461,0.8992668986320496
02,3,0.8792824149131775,0.9899742603302002,0.975358784198761,0.8964877128601074
02,4,0.8607154488563538,0.9895648956298828,0.9740357398986816,0.8769250512123108
02,5,0.8615176677703857,0.9865708947181702,0.9698532223701477,0.8824280500411987
15,0,0.903378963470459,0.9943346381187439,0.9809309244155884,0.9155716300010681
15,1,0.9095448851585388,0.9956822991371155,0.9830671548843384,0.9202370643615723
15,2,0.9098396897315979,0.9966509342193604,0.9851303100585938,0.9189009070396423
15,3,0.8930460810661316,0.9939215183258057,0.9817677736282349,0.9060449004173279
15,4,0.8777916431427002,0.9920845627784729,0.979804277420044,0.8916854858398438
15,5,0.880240797996521,0.9908246397972107,0.9790945649147034,0.895243227481842
00,0,0.8828115463256836,0.9905672073364258,0.9731370806694031,0.8987250924110413
00,1,0.8735370635986328,0.9927873611450195,0.9737442135810852,0.8881902098655701
00,2,0.8753730058670044,0.99397873878479,0.9759836792945862,0.888933539390564
00,3,0.8896855115890503,0.991353452205658,0.9778403043746948,0.9050379991531372
00,4,0.8436782956123352,0.9898746609687805,0.9731015563011169,0.8592943549156189
00,5,0.8371813297271729,0.985664427280426,0.966818630695343,0.857767641544342
17,0,0.9453675746917725,0.9971207976341248,0.991840660572052,0.9535609483718872
17,1,0.9323593378067017,0.997479259967804,0.9918650388717651,0.9401577115058899
17,2,0.9284566044807434,0.9979677200317383,0.9931036829948425,0.9351487159729004
17,3,0.9411748051643372,0.9940518140792847,0.9906807541847229,0.9514286518096924
17,4,0.9170901775360107,0.9943752884864807,0.989231526851654,0.9270100593566895
17,5,0.9085590243339539,0.9928448796272278,0.9878113269805908,0.9205259084701538
09,0,0.9628467559814453,0.998345136642456,0.9961264133453369,0.9678901433944702
09,1,0.9615142941474915,0.9986261129379272,0.9955063462257385,0.9666649699211121
09,2,0.9650406241416931,0.9988017082214355,0.9965305328369141,0.9690403938293457
09,3,0.9507448077201843,0.9965947270393372,0.9940395951271057,0.9577300548553467
09,4,0.9586355090141296,0.9966000318527222,0.9940484762191772,0.9647735357284546
09,5,0.9547580480575562,0.9971532225608826,0.9941434264183044,0.9615955352783203
01,0,0.8783241510391235,0.9913442134857178,0.9749560952186584,0.8937992453575134
01,1,0.883223831653595,0.9930436611175537,0.9780072569847107,0.8969874978065491
01,2,0.896595299243927,0.9949303269386292,0.981995165348053,0.9082807898521423
01,3,0.860273540019989,0.9918243288993835,0.9785611033439636,0.8740600347518921
01,4,0.8381499648094177,0.9903081059455872,0.9745118618011475,0.8538463711738586
01,5,0.8574379682540894,0.9876864552497864,0.9722548127174377,0.875335693359375
08,0,0.9113910794258118,0.9944773316383362,0.9832935929298401,0.922863245010376
08,1,0.9162060618400574,0.9959228038787842,0.9854602217674255,0.9266455769538879
08,2,0.9255362153053284,0.9966340661048889,0.988089382648468,0.9345473647117615
08,3,0.8981279134750366,0.9937899708747864,0.9835854768753052,0.9105536341667175
08,4,0.8970119953155518,0.9926750659942627,0.9834874868392944,0.9103221893310547
08,5,0.9044398665428162,0.992525577545166,0.9834940433502197,0.9176733493804932
